+0001.0000000000000000,+0000.0000000000000000,+0000.0000000000000000,+0000.0000000000000000
+0000.9998957953408413,+0000.0001001968198324,+0000.0000040077389253,+0000.0000000001004010
+0000.9995832251998394,+0000.0004007455149644,+0000.0000160276789511,+0000.0000000016062450
+0000.9990624210659902,+0000.0009015208114206,+0000.0000360499924679,+0000.0000000081301213
+0000.9983336020247747,+0000.0016023139780658,+0000.0000640583082505,+0000.0000000256889090
+0000.9973970746639220,+0000.0025028329148138,+0000.0001000297236379,+0000.0000000626976263
+0000.9962532329415335,+0000.0036027022760664,+0000.0001439348215742,+0000.0000001299608258
+0000.9949025580166275,+0000.0049014636293304,+0000.0001957376924997,+0000.0000002406615423
+0000.9933456180421788,+0000.0063985756489424,+0000.0002553959610762,+0000.0000004103478025
+0000.9915830679207419,+0000.0080934143448210,+0000.0003228608177311,+0000.0000006569167059
+0000.9896156490227669,+0000.0099852733261449,+0000.0003980770549983,+0000.0000010005960899
+0000.9874441888677292,+0000.0120733640998465,+0000.0004809831086319,+0000.0000014639237923
+0000.9850696007682144,+0000.0143568164037899,+0000.0005715111034672,+0000.0000020717245285
+0000.9824928834371116,+0000.0168346785744919,+0000.0006695869039970,+0000.0000028510843995
+0000.9797151205580897,+0000.0195059179492276,+0000.0007751301696311,+0000.0000038313230515
+0000.9767374803195419,+0000.0223694213023468,+0000.0008880544146030,+0000.0000050439635082
+0000.9735612149122033,+0000.0254239953156145,+0000.0010082670724834,+0000.0000065226996987
+0000.9701876599906617,+0000.0286683670823730,+0000.0011356695652592,+0000.0000083033617061
+0000.9666182340989957,+0000.0321011846453088,+0000.0012701573769317,+0000.0000104238787637
+0000.9628544380607923,+0000.0357210175675928,+0000.0014116201315871,+0000.0000129242400278
+0000.9588978543338098,+0000.0395263575371495,+0000.0015599416758855,+0000.0000158464531553
+0000.9547501463295691,+0000.0435156190037929,+0000.0017150001659170,+0000.0000192345007210
+0000.9504130576981694,+0000.0476871398489585,+0000.0018766681583659,+0000.0000231342945061
+0000.9458884115786417,+0000.0520391820877411,+0000.0020448127059240,+0000.0000275936276932
+0000.9411781098151679,+0000.0565699326029368,+0000.0022192954568889,+0000.0000326621250063
+0000.9362841321395080,+0000.0612775039107755,+0000.0023999727588839,+0000.0000383911908325
+0000.9312085353199910,+0000.0661599349580126,+0000.0025866957666292,+0000.0000448339553672
+0000.9259534522774447,+0000.0712151919500384,+0000.0027793105536941,+0000.0000520452188228
+0000.9205210911684469,+0000.0764411692096501,+0000.0029776582281573,+0000.0000600813937458
+0000.9149137344363015,+0000.0818356900661152,+0000.0031815750520976,+0000.0000690004454857
+0000.9091337378301527,+0000.0873965077741467,+0000.0033908925648375,+0000.0000788618308630
+0000.9031835293926657,+0000.0931213064623937,+0000.0036054377098575,+0000.0000897264350831
+0000.8970656084167168,+0000.0990077021110401,+0000.0038250329652974,+0000.0001016565069456
+0000.8907825443715486,+0000.1050532435580920,+0000.0040494964779594,+0000.0001147155923999
+0000.8843369757988582,+0000.1112554135339214,+0000.0042786422007224,+0000.0001289684664978
+0000.8777316091793022,+0000.1176116297236212,+0000.0045122800332792,+0000.0001444810637973
+0000.8709692177699120,+0000.1241192458567158,+0000.0047502159661006,+0000.0001613204072715
+0000.8640526404129282,+0000.1307755528237594,+0000.0049922522275339,+0000.0001795545357785
+0000.8569847803165732,+0000.1375777798193419,+0000.0052381874339358,+0000.0001992524301489
+0000.8497686038082959,+0000.1445230955110125,+0000.0054878167427424,+0000.0002204839379490
+0000.8424071390610298,+0000.1516086092336179,+0000.0057409320083727,+0000.0002433196969794
+0000.8349034747930248,+0000.1588313722085438,+0000.0059973219408636,+0000.0002678310575675
+0000.8272607589418162,+0000.1661883787873351,+0000.0062567722671301,+0000.0002940900037185
+0000.8194821973129114,+0000.1736765677191615,+0000.0065190658947441,+0000.0003221690731828
+0000.8115710522037850,+0000.1812928234415852,+0000.0067839830781220,+0000.0003521412765076
+0000.8035306410037805,+0000.1890339773940754,+0000.0070513015870113,+0000.0003840800151327
+0000.7953643347705310,+0000.1968968093537067,+0000.0073207968771629,+0000.0004180589985993
+0000.7870755567835201,+0000.2048780487924688,+0000.0075922422630763,+0000.0004541521609347
+0000.7786677810754127,+0000.2129743762556049,+0000.0078654090927013,+0000.0004924335762810
+0000.7701445309417969,+0000.2211824247603868,+0000.0081400669239801,+0000.0005329773738360
+0000.7615093774299885,+0000.2294987812147280,+0000.0084159837031113,+0000.0005758576521720
+0000.7527659378075539,+0000.2379199878550258,+0000.0086929259444163,+0000.0006211483930038
+0000.7439178740112218,+0000.2464425437026160,+0000.0089706589116883,+0000.0006689233744738
+0000.7349688910768593,+0000.2550629060382158,+0000.0092489468009003,+0000.0007192560840245
+0000.7259227355511955,+0000.2637774918937231,+0000.0095275529241521,+0000.0007722196309292
+0000.7167831938859870,+0000.2725826795607324,+0000.0098062398947296,+0000.0008278866585510
+0000.7075540908153231,+0000.2814748101151210,+0000.0100847698131536,+0000.0008863292564023
+0000.6982392877167790,+0000.2904501889570528,+0000.0103629044540919,+0000.0009476188720763
+0000.6888426809571305,+0000.2995050873657391,+0000.0106404054540090,+0000.0010118262231213
+0000.6793682002233508,+0000.3086357440682909,+0000.0109170344994256,+0000.0010790212089327
+0000.6698198068396164,+0000.3178383668219912,+0000.0111925535156609,+0000.0011492728227316
+0000.6602014920710554,+0000.3271091340093086,+0000.0114667248559297,+0000.0012226490637064
+0000.6505172754149756,+0000.3364441962449709,+0000.0117393114906665,+0000.0012992168493871
+0000.6407712028803176,+0000.3458396779944094,+0000.0120100771969457,+0000.0013790419283272
+0000.6309673452560811,+0000.3552916792028826,+0000.0122787867478716,+0000.0014621887931647
+0000.6211097963694773,+0000.3647962769345804,+0000.0125452061018066,+0000.0015487205941358
+0000.6112026713345670,+0000.3743495270210097,+0000.0128091025913096,+0000.0016386990531138
+0000.6012501047921447,+0000.3839474657179549,+0000.0130702451116547,+0000.0017321843782457
+0000.5912562491416349,+0000.3935861113703050,+0000.0133284043088011,+0000.0018292351792590
+0000.5812252727657692,+0000.4032614660840360,+0000.0135833527666839,+0000.0019299083835108
+0000.5711613582488165,+0000.4129695174046330,+0000.0138348651936989,+0000.0020342591528515
+0000.5610687005891405,+0000.4227062400012359,+0000.0140827186082503,+0000.0021423408013733
+0000.5509515054068608,+0000.4324675973557879,+0000.0143266925232346,+0000.0022542047141167
+0000.5408139871473979,+0000.4422495434564659,+0000.0145665691293318,+0000.0023699002668044
+0000.5306603672816806,+0000.4520480244946697,+0000.0148021334769775,+0000.0024894747466721
+0000.5204948725037987,+0000.4618589805648448,+0000.0150331736568880,+0000.0026129732744685
+0000.5103217329268831,+0000.4716783473664135,+0000.0152594809790129,+0000.0027404387276904
+0000.5001451802779970,+0000.4815020579070888,+0000.0154808501497905,+0000.0028719116651237
+0000.4899694460928207,+0000.4913260442068424,+0000.0156970794475797,+0000.0030074302527572
+0000.4797987599109139,+0000.5011462390018023,+0000.0159079708961471,+0000.0031470301911366
+0000.4696373474723390,+0000.5109585774473517,+0000.0161133304360855,+0000.0032907446442236
+0000.4594894289164256,+0000.5207589988197041,+0000.0163129680940421,+0000.0034386041698281
+0000.4493592169834592,+0000.5305434482152283,+0000.0165066981496368,+0000.0035906366516755
+0000.4392509152200721,+0000.5403078782468015,+0000.0166943392999519,+0000.0037468672331743
+0000.4291687161891146,+0000.5500482507364655,+0000.0168757148214738,+0000.0039073182529460
+0000.4191167996847823,+0000.5597605384036662,+0000.0170506527293724,+0000.0040720091821789
+0000.4090993309537716,+0000.5694407265483591,+0000.0172189859340021,+0000.0042409565638671
+0000.3991204589232342,+0000.5790848147282619,+0000.0173805523945106,+0000.0044141739539932
+0000.3891843144362970,+0000.5886888184295437,+0000.0175351952694457,+0000.0045916718647135
+0000.3792950084959112,+0000.5982487707302379,+0000.0176827630642478,+0000.0047734577096030
+0000.3694566305177899,+0000.6077607239556735,+0000.0178231097755208,+0000.0049595357510156
+0000.3596732465931886,+0000.6172207513252204,+0000.0179560950319760,+0000.0051499070496149
+0000.3499488977622814,+0000.6266249485896496,+0000.0180815842319415,+0000.0053445694161274
+0000.3402875982988770,+0000.6359694356584128,+0000.0181994486773377,+0000.0055435173653722
+0000.3306933340072158,+0000.6452503582161518,+0000.0183095657040165,+0000.0057467420726156
+0000.3211700605315833,+0000.6544638893277501,+0000.0184118188083653,+0000.0059542313323010
+0000.3117217016794696,+0000.6636062310312479,+0000.0185060977700810,+0000.0061659695192012
+0000.3023521477589976,+0000.6726736159179444,+0000.0185922987710183,+0000.0063819375520395
+0000.2930652539313370,+0000.6816623086990176,+0000.0186703245100219,+0000.0066021128596234
+0000.2838648385788137,+0000.6905686077579996,+0000.0187400843136513,+0000.0068264693495353
+0000.2747546816894184,+0000.6993888466884490,+0000.0188014942427129,+0000.0070549773794196
+0000.2657385232584086,+0000.7081193958161703,+0000.0188544771945133,+0000.0072876037309076
+0000.2568200617076930,+0000.7167566637053366,+0000.0188989630007529,+0000.0075243115862174
+0000.2480029523236771,+0000.7252970986478797,+0000.0189348885209787,+0000.0077650605074644
+0000.2392908057142422,+0000.7337371901355179,+0000.0189621977315212,+0000.0080098064187187
+0000.2306871862855197,+0000.7420734703138002,+0000.0189808418098395,+0000.0082585015908405
+0000.2221956107391163,+0000.7503025154175547,+0000.0189907792142040,+0000.0085110946291249
+0000.2138195465904335,+0000.7584209471871332,+0000.0189919757586479,+0000.0087675304637853
+0000.2055624107087166,+0000.7664254342648593,+0000.0189844046831208,+0000.0090277503433032
+0000.1974275678794603,+0000.7743126935710890,+0000.0189680467187826,+0000.0092916918306681
+0000.1894183293897852,+0000.7820794916593056,+0000.0189428901483766,+0000.0095592888025326
+0000.1815379516373912,+0000.7897226460496803,+0000.0189089308616248,+0000.0098304714513035
+0000.1737896347636821,+0000.7972390265405375,+0000.0188661724055920,+0000.0101051662901884
+0000.1661765213116464,+0000.8046255564971727,+0000.0188146260299660,+0000.0103832961612148
+0000.1587016949090657,+0000.8118792141174875,+0000.0187543107272078,+0000.0106647802462388
+0000.1513681789776141,+0000.8189970336739046,+0000.0186852532675255,+0000.0109495340809555
+0000.1441789354683977,+0000.8259761067310487,+0000.0186074882286308,+0000.0112374695719226
+0000.1371368636244727,+0000.8328135833386802,+0000.0185210580202389,+0000.0115284950166081
+0000.1302447987708691,+0000.8395066731993861,+0000.0184260129032773,+0000.0118225151264674
+0000.1235055111326329,+0000.8460526468105387,+0000.0183224110037709,+0000.0121194310530573
+0000.1169217046813901,+0000.8524488365800471,+0000.0182103183213743,+0000.0124191404171883
+0000.1104960160109197,+0000.8586926379154365,+0000.0180898087325267,+0000.0127215373411169
+0000.1042310132422134,+0000.8647815102858026,+0000.0179609639882055,+0000.0130265124837782
+0000.0981291949584839,+0000.8707129782562005,+0000.0178238737062623,+0000.0133339530790531
+0000.0921929891705722,+0000.8764846324940377,+0000.0176786353583227,+0000.0136437429770671
+0000.0864247523131899,+0000.8820941307470564,+0000.0175253542512403,+0000.0139557626885132
+0000.0808267682724185,+0000.8875391987924991,+0000.0173641435030949,+0000.0142698894319873
+0000.0754012474448758,+0000.8928176313570664,+0000.0171951240137301,+0000.0145859971843275
+0000.0701503258289428,+0000.8979272930072885,+0000.0170184244298276,+0000.0149039567339410
+0000.0650760641484318,+0000.9028661190099431,+0000.0168341811045205,+0000.0152236357371045
+0000.0601804470090629,+0000.9076321161621677,+0000.0166425380515507,+0000.0155448987772186
+0000.0554653820880983,+0000.9122233635909263,+0000.0164436468939777,+0000.0158676074269975
+0000.0509326993574748,+0000.9166380135215025,+0000.0162376668074521,+0000.0161916203135704
+0000.0465841503407522,+0000.9208742920147093,+0000.0160247644580672,+0000.0165167931864712
+0000.0424214074041896,+0000.9249304996725115,+0000.0158051139348095,+0000.0168429789884891
+0000.0384460630822373,+0000.9288050123117805,+0000.0155788966766293,+0000.0171700279293527
+0000.0346596294377253,+0000.9324962816059036,+0000.0153463013941560,+0000.0174977875622150
+0000.0310635374570058,+0000.9360028356939962,+0000.0151075239860892,+0000.0178261028629087
+0000.0276591364803009,+0000.9393232797574675,+0000.0148627674502965,+0000.0181548163119350
+0000.0244476936674809,+0000.9424562965637145,+0000.0146122417896544,+0000.0184837679791500
+0000.0214303934994931,+0000.9454006469767253,+0000.0143561639126717,+0000.0188127956111097
+0000.0186083373156364,+0000.9481551704343941,+0000.0140947575289374,+0000.0191417347210319
+0000.0159825428868688,+0000.9507187853923579,+0000.0138282530394405,+0000.0194704186813326
+0000.0135539440253130,+0000.9530904897341861,+0000.0135568874218092,+0000.0197986788186917
+0000.0113233902301134,+0000.9552693611477625,+0000.0132809041105236,+0000.0201263445116004
+0000.0092916463697796,+0000.9572545574677195,+0000.0130005528721577,+0000.0204532432903432
+0000.0074593924011365,+0000.9590453169837937,+0000.0127160896757093,+0000.0207792009393605
+0000.0058272231249847,+0000.9606409587149921,+0000.0124277765580810,+0000.0211040416019421
+0000.0043956479785594,+0000.9620408826494677,+0000.0121358814847776,+0000.0214275878871951
+0000.0031650908648571,+0000.9632445699500227,+0000.0118406782058895,+0000.0217496609792305
+0000.0021358900188891,+0000.9642515831251683,+0000.0115424461074330,+0000.0220700807485094
+0000.0013082979108969,+0000.9650615661656894,+0000.0112414700581242,+0000.0223886658652894
+0000.0006824811865554,+0000.9656742446466718,+0000.0109380402516639,+0000.0227052339151088
+0000.0002585206441686,+0000.9660894257949711,+0000.0106324520446144,+0000.0230196015162457
+0000.0000364112488501,+0000.9663069985221102,+0000.0103250057899545,+0000.0233315844390850
+0000.0000160621836609,+0000.9663269334226133,+0000.0100160066663971,+0000.0236409977273285
+0000.0001972969376635,+0000.9661492827377959,+0000.0097057645035629,+0000.0239476558209776
+0000.0005798534308350,+0000.9657741802850450,+0000.0093945936031007,+0000.0242513726810192
+0000.0011633841757635,+0000.9652018413526418,+0000.0090828125558513,+0000.0245519619157434
+0000.0019474564760389,+0000.9644325625601882,+0000.0087707440551544,+0000.0248492369086184
+0000.0029315526612314,+0000.9634667216847207,+0000.0084587147063988,+0000.0251430109476490
+0000.0041150703583358,+0000.9623047774526018,+0000.0081470548329203,+0000.0254330973561419
+0000.0054973227995427,+0000.9609472692973017,+0000.0078360982783550,+0000.0257193096248006
+0000.0070775391661840,+0000.9593948170831906,+0000.0075261822055556,+0000.0260014615450697
+0000.0088548649686824,+0000.9576481207954823,+0000.0072176468921845,+0000.0262793673436506
+0000.0108283624623190,+0000.9557079601964803,+0000.0069108355230967,+0000.0265528418181038
+0000.0129970110986193,+0000.9535751944482931,+0000.0066060939796287,+0000.0268217004734588
+0000.0153597080121396,+0000.9512507617022021,+0000.0063037706259142,+0000.0270857596597439
+0000.0179152685424245,+0000.9487356786548753,+0000.0060042160923463,+0000.0273448367103537
+0000.0206624267908852,+0000.9460310400716383,+0000.0057077830563099,+0000.0275987500811664
+0000.0235998362123395,+0000.9431380182770256,+0000.0054148260203100,+0000.0278473194903247
+0000.0267260702409338,+0000.9400578626128507,+0000.0051257010876242,+0000.0280903660585911
+0000.0300396229501567,+0000.9367918988640460,+0000.0048407657356076,+0000.0283277124501896
+0000.0335389097466361,+0000.9333415286525383,+0000.0045603785867823,+0000.0285591830140432
+0000.0372222680973996,+0000.9297082287994383,+0000.0042848991778457,+0000.0287846039253164
+0000.0410879582902596,+0000.9258935506558382,+0000.0040146877267310,+0000.0290038033271710
+0000.0451341642269772,+0000.9218991194025210,+0000.0037501048978579,+0000.0292166114726438
+0000.0493589942488348,+0000.9177266333189018,+0000.0034915115657120,+0000.0294228608665513
+0000.0537604819942445,+0000.9133778630215330,+0000.0032392685768920,+0000.0296223864073304
+0000.0583365872879952,+0000.9088546506725189,+0000.0029937365107669,+0000.0298150255287189
+0000.0630851970617371,+0000.9041589091581954,+0000.0027552754388855,+0000.0300006183411818
+0000.0680041263052795,+0000.8992926212384483,+0000.0025242446832831,+0000.0301790077729890
+0000.0730911190482737,+0000.8942578386670489,+0000.0023010025738295,+0000.0303500397108478
+0000.0783438493718322,+0000.8890566812834061,+0000.0020859062047661,+0000.0305135631399955
+0000.0837599224496276,+0000.8836913360761384,+0000.0018793111905787,+0000.0306694302836552
+0000.0893368756179986,+0000.8781640562188872,+0000.0016815714213544,+0000.0308174967417597
+0000.0950721794745821,+0000.8724771600787994,+0000.0014930388177736,+0000.0309576216288449
+0000.1009632390049713,+0000.8666330301981249,+0000.0013140630858845,+0000.0310896677110193
+0000.1070073947368978,+0000.8606341122493777,+0000.0011449914718138,+0000.0312135015419105
+0000.1132019239214123,+0000.8544829139645305,+0000.0009861685165637,+0000.0313289935974934
+0000.1195440417405384,+0000.8481820040387114,+0000.0008379358110468,+0000.0314360184097034
+0000.1260309025408524,+0000.8417340110088964,+0000.0007006317515126,+0000.0315344546987383
+0000.1326596010924410,+0000.8351416221080866,+0000.0005745912955185,+0000.0316241855039537
+0000.1394271738726668,+0000.8284075820954820,+0000.0004601457185969,+0000.0317050983132541
+0000.1463306003741729,+0000.8215346920631665,+0000.0003576223717733,+0000.0317770851908870
+0000.1533668044365392,+0000.8145258082198293,+0000.0002673444400888,+0000.0318400429035424
+0000.1605326556009936,+0000.8073838406520620,+0000.0001896307022794,+0000.0318938730446649
+0000.1678249704875790,+0000.8001117520637721,+0000.0001247952917657,+0000.0319384821568832
+0000.1752405141941560,+0000.7927125564942719,+0000.0000731474591079,+0000.0319737818524642
+0000.1827760017166238,+0000.7851893180156011,+0000.0000349913360762,+0000.0319996889316988
+0000.1904280993897223,+0000.7775451494096597,+0000.0000106257014918,+0000.0320161254991261
+0000.1981934263477801,+0000.7697832108257248,+0000.0000003437489886,+0000.0320230190775065
+0000.2060685560047536,+0000.7619067084189468,+0000.0000044328568485,+0000.0320203027194511
+0000.2140500175529063,+0000.7539188929704135,+0000.0000231743600608,+0000.0320079151166193
+0000.2221342974794585,+0000.7458230584893906,+0000.0000568433247561,+0000.0319858007063948
+0000.2303178411005395,+0000.7376225407983448,+0000.0001057083251637,+0000.0319539097759522
+0000.2385970541117592,+0000.7293207161013721,+0000.0001700312232410,+0000.0319121985636279
+0000.2469683041547178,+0000.7209209995366485,+0000.0002500669511241,+0000.0318606293575098
+0000.2554279223987552,+0000.7124268437135416,+0000.0003460632965431,+0000.0317991705911603
+0000.2639722051372478,+0000.7038417372350118,+0000.0004582606913501,+0000.0317277969363906
+0000.2725974153977418,+0000.6951692032059528,+0000.0005868920033026,+0000.0316464893930029
+0000.2812997845652194,+0000.6864127977281135,+0000.0007321823312456,+0000.0315552353754216
+0000.2900755140177745,+0000.6775761083822605,+0000.0008943488038322,+0000.0314540287961330
+0000.2989207767739867,+0000.6686627526982326,+0000.0010736003819254,+0000.0313428701458554
+0000.3078317191512597,+0000.6596763766135595,+0000.0012701376648161,+0000.0312217665703649
+0000.3168044624344025,+0000.6506206529213018,+0000.0014841527003954,+0000.0310907319439006
+0000.3258351045537127,+0000.6414992797077949,+0000.0017158287994159,+0000.0309497869390767
+0000.3349197217718334,+0000.6323159787809616,+0000.0019653403539745,+0000.0307989590932307
+0000.3440543703786344,+0000.6230744940898828,+0000.0022328526603468,+0000.0306382828711362
+0000.3532350883933827,+0000.6137785901362990,+0000.0025185217463040,+0000.0304677997240144
+0000.3624578972734500,+0000.6044320503787369,+0000.0028224942030365,+0000.0302875581447768
+0000.3717188036288142,+0000.5950386756299403,+0000.0031449070218108,+0000.0300976137194351
+0000.3810138009415995,+0000.5856022824483038,+0000.0034858874354806,+0000.0298980291746164
+0000.3903388712899101,+0000.5761267015239941,+0000.0038455527649733,+0000.0296888744211228
+0000.3996899870751950,+0000.5666157760604602,+0000.0042240102708678,+0000.0294702265934773
+0000.4090631127524000,+0000.5570733601520209,+0000.0046213570101803,+0000.0292421700853992
+0000.4184542065621449,+0000.5475033171582309,+0000.0050376796984690,+0000.0290047965811556
+0000.4278592222641722,+0000.5379095180757231,+0000.0054730545773687,+0000.0287582050827364
+0000.4372741108713157,+0000.5282958399082203,+0000.0059275472876615,+0000.0285025019328029
+0000.4466948223832282,+0000.5186661640354217,+0000.0064012127479882,+0000.0282378008333625
+0000.4561173075191213,+0000.5090243745814538,+0000.0068940950393016,+0000.0279642228601238
+0000.4655375194487567,+0000.4993743567835929,+0000.0074062272951610,+0000.0276818964724900
+0000.4749514155209448,+0000.4897199953619462,+0000.0079376315979611,+0000.0273909575191485
+0000.4843549589887932,+0000.4800651728907972,+0000.0084883188811909,+0000.0270915492392193
+0000.4937441207309642,+0000.4704137681723014,+0000.0090582888378088,+0000.0267838222589261
+0000.5031148809681889,+0000.4607696546132332,+0000.0096475298348220,+0000.0264679345837566
+0000.5124632309743006,+0000.4511366986054675,+0000.0102560188341520,+0000.0261440515860806
+0000.5217851747810422,+0000.4415187579108937,+0000.0108837213198658,+0000.0258123459881988
+0000.5310767308759174,+0000.4319196800514393,+0000.0115305912318495,+0000.0254729978407944
+0000.5403339338923434,+0000.4223433007048955,+0000.0121965709059957,+0000.0251261944967661
+0000.5495528362913868,+0000.4127934421072180,+0000.0128815910209757,+0000.0247721305804201
+0000.5587295100343477,+0000.4032739114619875,+0000.0135855705516603,+0000.0244110079520051
+0000.5678600482454794,+0000.3937884993576957,+0000.0143084167292528,+0000.0240430356675726
+0000.5769405668641232,+0000.3843409781935348,+0000.0150500250081914,+0000.0236684299341512
+0000.5859672062855522,+0000.3749351006143470,+0000.0158102790398768,+0000.0232874140602245
+0000.5949361329898146,+0000.3655745979554046,+0000.0165890506532754,+0000.0229002184015060
+0000.6038435411578845,+0000.3562631786976664,+0000.0173861998424455,+0000.0225070803020042
+0000.6126856542744193,+0000.3470045269341715,+0000.0182015747610299,+0000.0221082440303799
+0000.6214587267164464,+0000.3378023008482068,+0000.0190350117237554,+0000.0217039607115921
+0000.6301590453272908,+0000.3286601312038966,+0000.0198863352149726,+0000.0212944882538408
+0000.6387829309750801,+0000.3195816198498397,+0000.0207553579042713,+0000.0208800912708097
+0000.6473267400951533,+0000.3105703382364310,+0000.0216418806691958,+0000.0204610409992206
+0000.6557868662157240,+0000.3016298259474795,+0000.0225456926250869,+0000.0200376152117103
+0000.6641597414661408,+0000.2927635892467464,+0000.0234665711620677,+0000.0196100981250458
+0000.6724418380671107,+0000.2839750996400020,+0000.0244042819891925,+0000.0191787803036956
+0000.6806296698022462,+0000.2752677924532105,+0000.0253585791857666,+0000.0187439585587775
+0000.6887197934703181,+0000.2666450654274271,+0000.0263292052598484,+0000.0183059358424073
+0000.6967088103175924,+0000.2581102773310003,+0000.0273158912139343,+0000.0178650211374738
+0000.7045933674496523,+0000.2496667465896490,+0000.0283183566178287,+0000.0174215293428708
+0000.7123701592221011,+0000.2413177499349919,+0000.0293363096886913,+0000.0169757811542164
+0000.7200359286095689,+0000.2330665210720782,+0000.0303694473782569,+0000.0165281029400968
+0000.7275874685524369,+0000.2249162493664829,+0000.0314174554672101,+0000.0160788266138709
+0000.7350216232807208,+0000.2168700785515014,+0000.0324800086667019,+0000.0156282895010765
+0000.7423352896145509,+0000.2089311054559820,+0000.0335567707269846,+0000.0151768342024832
+0000.7495254182407121,+0000.2011023787533128,+0000.0346473945531399,+0000.0147248084528360
+0000.7565890149647013,+0000.1933868977320877,+0000.0357515223278711,+0000.0142725649753407
+0000.7635231419377855,+0000.1857876110889480,+0000.0368687856413254,+0000.0138204613319419
+0000.7703249188585446,+0000.1783074157440987,+0000.0379988056279079,+0000.0133688597694495
+0000.7769915241484064,+0000.1709491556799790,+0000.0391411931100457,+0000.0129181270615697
+0000.7835201961006771,+0000.1637156208035664,+0000.0402955487488553,+0000.0124686343469020
+0000.7899082340025984,+0000.1566095458327739,+0000.0414614632016638,+0000.0120207569629648
+0000.7961529992299633,+0000.1496336092073948,+0000.0426385172863276,+0000.0115748742763151
+0000.8022519163138460,+0000.1427904320250317,+0000.0438262821522922,+0000.0111313695088309
+0000.8082024739789987,+0000.1360825770024464,+0000.0450243194583282,+0000.0106906295602274
+0000.8140022261534977,+0000.1295125474627449,+0000.0462321815568781,+0000.0102530448268801
+0000.8196487929492210,+0000.1230827863488060,+0000.0474494116849414,+0000.0098190090170324
+0000.8251398616127639,+0000.1167956752633466,+0000.0486755441614257,+0000.0093889189624646
+0000.8304731874464001,+0000.1106535335360116,+0000.0499101045908817,+0000.0089631744267074
+0000.8356465946987214,+0000.1046586173178549,+0000.0511526100735412,+0000.0085421779098834
+0000.8406579774245927,+0000.0988131187035757,+0000.0524025694215704,+0000.0081263344502620
+0000.8455053003140839,+0000.0931191648818500,+0000.0536594833814488,+0000.0077160514226181
+0000.8501865994900404,+0000.0875788173140996,+0000.0549228448623767,+0000.0073117383334841
+0000.8546999832739806,+0000.0821940709420140,+0000.0561921391706155,+0000.0069138066133907
+0000.8590436329200143,+0000.0769668534241389,+0000.0574668442496566,+0000.0065226694061910
+0000.8632158033164991,+0000.0718990244018220,+0000.0587464309261135,+0000.0061387413555662
+0000.8672148236551536,+0000.0669923747948054,+0000.0600303631612279,+0000.0057624383888140
+0000.8710390980673745,+0000.0622486261267294,+0000.0613180983078746,+0000.0053941774980223
+0000.8746871062275088,+0000.0576694298808090,+0000.0626090873729504,+0000.0050343765187326
+0000.8781574039228555,+0000.0532563668859211,+0000.0639027752850249,+0000.0046834539061995
+0000.8814486235901772,+0000.0490109467333381,+0000.0651986011671290,+0000.0043418285093565
+0000.8845594748185241,+0000.0449346072243228,+0000.0664959986145550,+0000.0040099193425989
+0000.8874887448181871,+0000.0410287138487840,+0000.0677943959775353,+0000.0036881453554945
+0000.8902352988556046,+0000.0372945592951884,+0000.0690932166486671,+0000.0033769252005407
+0000.8927980806540751,+0000.0337333629918997,+0000.0703918793549450,+0000.0030766769990811
+0000.8951761127601293,+0000.0303462706801102,+0000.0716897984542593,+0000.0027878181055020
+0000.8973684968754434,+0000.0271343540185097,+0000.0729863842362193,+0000.0025107648698284
+0000.8993744141541791,+0000.0240986102198289,+0000.0742810432271513,+0000.0022459323988415
+0000.9011931254656599,+0000.0212399617193770,+0000.0755731784991230,+0000.0019937343158409
+0000.9028239716223042,+0000.0185592558756790,+0000.0768621899828409,+0000.0017545825191766
+0000.9042663735727524,+0000.0160572647033055,+0000.0781474747842658,+0000.0015288869396771
+0000.9055198325601387,+0000.0137346846379738,+0000.0794284275047859,+0000.0013170552971022
+0000.9065839302454777,+0000.0115921363339853,+0000.0807044405647886,+0000.0011194928557492
+0000.9074583287961466,+0000.0096301644940474,+0000.0819749045304642,+0000.0009366021793426
+0000.9081427709394629,+0000.0078492377315187,+0000.0832392084436790,+0000.0007687828853402
+0000.9086370799813701,+0000.0062497484650978,+0000.0844967401547446,+0000.0006164313987882
+0000.9089411597902612,+0000.0048320128459653,+0000.0857468866579153,+0000.0004799407058588
+0000.9090549947459842,+0000.0035962707173728,+0000.0869890344294376,+0000.0003597001072061
+0000.9089786496540888,+0000.0025426856066573,+0000.0882225697679790,+0000.0002560949712756
+0000.9087122696253902,+0000.0016713447496507,+0000.0894468791372542,+0000.0001695064877056
+0000.9082560799209380,+0000.0009822591474329,+0000.0906613495106729,+0000.0001003114209568
+0000.9076103857624983,+0000.0004753636553695,+0000.0918653687178238,+0000.0000488818643090
+0000.9067755721086657,+0000.0001505171043565,+0000.0930583257926133,+0000.0000155849943651
+0000.9057521033967436,+0000.0000075024541840,+0000.0942396113228728,+0000.0000007828262002
+0000.9045405232505411,+0000.0000460269789146,+0000.0954086178012464,+0000.0000048319692985
+0000.9031414541542517,+0000.0002657224841600,+0000.0965647399771724,+0000.0000280833844165
+0000.9015555970925938,+0000.0006661455561251,+0000.0977073752097666,+0000.0000708821415152
+0000.8997837311574074,+0000.0012467778422754,+0000.0988359238214161,+0000.0001335671789018
+0000.8978267131209154,+0000.0020070263634697,+0000.0999497894518925,+0000.0002164710637230
+0000.8956854769758742,+0000.0029462238573874,+0000.1010483794127872,+0000.0003199197539519
+0000.8933610334428487,+0000.0040636291530649,+0000.1021311050420783,+0000.0004442323620088
+0000.8908544694448666,+0000.0053584275763452,+0000.1031973820586283,+0000.0005897209201606
+0000.8881669475497163,+0000.0068297313860272,+0000.1042466309164198,+0000.0007566901478374
+0000.8852997053801684,+0000.0084765802404937,+0000.1052782771583286,+0000.0009454372210100
+0000.8822540549924152,+0000.0102979416945784,+0000.1062917517692385,+0000.0011562515437686
+0000.8790313822230340,+0000.0122927117264250,+0000.1072864915282971,+0000.0013894145222446
+0000.8756331460047994,+0000.0144597152940732,+0000.1082619393601140,+0000.0016451993410141
+0000.8720608776516720,+0000.0167977069214998,+0000.1092175446847023,+0000.0019238707421266
+0000.8683161801133181,+0000.0193053713138248,+0000.1101527637659636,+0000.0022256848068941
+0000.8644007271995162,+0000.0219813240013847,+0000.1110670600585159,+0000.0025508887405837
+0000.8603162627748264,+0000.0248241120123605,+0000.1119599045526653,+0000.0028997206601484
+0000.8560645999239058,+0000.0278322145736375,+0000.1128307761173215,+0000.0032724093851357
+0000.8516476200878726,+0000.0310040438395602,+0000.1136791618406579,+0000.0036691742319098
+0000.8470672721721260,+0000.0343379456482365,+0000.1145045573683160,+0000.0040902248113221
+0000.8423255716260478,+0000.0378322003050304,+0000.1153064672389573,+0000.0045357608299650
+0000.8374245994950176,+0000.0414850233928766,+0000.1160844052169626,+0000.0050059718951437
+0000.8323665014451909,+0000.0452945666090325,+0000.1168378946220822,+0000.0055010373236950
+0000.8271534867614971,+0000.0492589186278767,+0000.1175664686558399,+0000.0060211259547869
+0000.8217878273193279,+0000.0533761059893513,+0000.1182696707244947,+0000.0065663959668268
+0000.8162718565303919,+0000.0576440940126354,+0000.1189470547583662,+0000.0071369946986071
+0000.8106079682632349,+0000.0620607877346231,+0000.1195981855273290,+0000.0077330584748138
+0000.8047986157389191,+0000.0666240328727742,+0000.1202226389522830,+0000.0083547124360243
+0000.7988463104023814,+0000.0713316168118922,+0000.1208200024124104,+0000.0090020703733167
+0000.7927536207699845,+0000.0761812696143776,+0000.1213898750480268,+0000.0096752345676118
+0000.7865231712538012,+0000.0811706650534894,+0000.1219318680588410,+0000.0103742956338690
+0000.7801576409631692,+0000.0862974216691456,+0000.1224456049974338,+0000.0110993323702521
+0000.7736597624840695,+0000.0915591038457761,+0000.1229307220577731,+0000.0118504116123819
+0000.7670323206368856,+0000.0969532229117441,+0000.1233868683585819,+0000.0126275880927889
+0000.7602781512131179,+0000.1024772382598271,+0000.1238137062213771,+0000.0134309043056784
+0000.7534001396916268,+0000.1081285584882574,+0000.1242109114430004,+0000.0142603903771160
+0000.7464012199349942,+0000.1139045425617983,+0000.1245781735624655,+0000.0151160639407425
+0000.7392843728665925,+0000.1198025009923402,+0000.1249151961219456,+0000.0159979300191222
+0000.7320526251289701,+0000.1258196970384744,+0000.1252216969217300,+0000.0169059809108261
+0000.7247090477241563,+0000.1319533479235127,+0000.1254974082689790,+0000.0178401960833525
+0000.7172567546365098,+0000.1382006260713997,+0000.1257420772201115,+0000.0188005420719794
+0000.7096989014387243,+0000.1445586603599705,+0000.1259554658166593,+0000.0197869723846465
+0000.7020386838816320,+0000.1510245373909845,+0000.1261373513144274,+0000.0207994274129567
+0000.6942793364684388,+0000.1575953027763732,+0000.1262875264058011,+0000.0218378343493875
+0000.6864241310140271,+0000.1642679624401288,+0000.1264057994350446,+0000.0229021071108000
+0000.6784763751899867,+0000.1710394839352495,+0000.1264919946064374,+0000.0239921462683270
+0000.6704394110560189,+0000.1779067977751589,+0000.1265459521850998,+0000.0251078389837231
+0000.6623166135783789,+0000.1848667987790066,+0000.1265675286903611,+0000.0262490589522540
+0000.6541113891360150,+0000.1919163474302583,+0000.1265565970815274,+0000.0274156663522001
+0000.6458271740150806,+0000.1990522712479657,+0000.1265130469359086,+0000.0286075078010458
+0000.6374674328924873,+0000.2062713661701183,+0000.1264367846189714,+0000.0298244163184237
+0000.6290356573091797,+0000.2135703979484605,+0000.1263277334464816,+0000.0310662112958789
+0000.6205353641338071,+0000.2209461035541658,+0000.1261858338385120,+0000.0323326984735158
+0000.6119700940174856,+0000.2283951925937424,+0000.1260110434651863,+0000.0336236699235863
+0000.6033434098403297,+0000.2359143487345533,+0000.1258033373840423,+0000.0349389040410752
+0000.5946588951504507,+0000.2435002311393224,+0000.1255627081688936,+0000.0362781655413338
+0000.5859201525961051,+0000.2511494759090023,+0000.1252891660300800,+0000.0376412054648130
+0000.5771308023517002,+0000.2588586975333666,+0000.1249827389259949,+0000.0390277611889387
+0000.5682944805383433,+0000.2666244903486979,+0000.1246434726657870,+0000.0404375564471721
+0000.5594148376396398,+0000.2744434300019312,+0000.1242714310031355,+0000.0418703013552938
+0000.5504955369134321,+0000.2823120749206217,+0000.1238666957210011,+0000.0433256924449454
+0000.5415402528001887,+0000.2902269677880884,+0000.1234293667072631,+0000.0448034127044601
+0000.5325526693287371,+0000.2981846370231001,+0000.1229595620211544,+0000.0463031316270088
+0000.5235364785200480,+0000.3061815982634554,+0000.1224574179504106,+0000.0478245052660863
+0000.5144953787897630,+0000.3142143558528231,+0000.1219230890590573,+0000.0493671762983569
+0000.5054330733501776,+0000.3222794043301876,+0000.1213567482257596,+0000.0509307740938754
+0000.4963532686123714,+0000.3303732299212662,+0000.1207585866726671,+0000.0525149147936955
+0000.4872596725891910,+0000.3384923120312470,+0000.1201288139846878,+0000.0541192013948745
+0000.4781559932997744,+0000.3466331247382120,+0000.1194676581191348,+0000.0557432238428791
+0000.4690459371763259,+0000.3547921382865949,+0000.1187753654056877,+0000.0573865591313918
+0000.4599332074738244,+0000.3629658205800370,+0000.1180522005366228,+0000.0590487714095161
+0000.4508215026833663,+0000.3711506386729972,+0000.1172984465472645,+0000.0607294120963722
+0000.4417145149498241,+0000.3793430602604830,+0000.1165144047866201,+0000.0624280200030730
+0000.4326159284945156,+0000.3875395551652565,+0000.1157003948781628,+0000.0641441214620653
+0000.4235294180435658,+0000.3957365968218851,+0000.1148567546707335,+0000.0658772304638158
+0000.4144586472626341,+0000.4039306637570070,+0000.1139838401795370,+0000.0676268488008221
+0000.4054072671986970,+0000.4121182410651716,+0000.1130820255172137,+0000.0693924662189179
+0000.3963789147295471,+0000.4202958218796364,+0000.1121517028149718,+0000.0711735605758449
+0000.3873772110216853,+0000.4284599088374880,+0000.1111932821337727,+0000.0729695980070542
+0000.3784057599972613,+0000.4366070155384749,+0000.1102071913655641,+0000.0747800330987000
+0000.3694681468107314,+0000.4447336679969235,+0000.1091938761245643,+0000.0766043090677809
+0000.3605679363358794,+0000.4528364060861334,+0000.1081537996286028,+0000.0784418579493846
+0000.3517086716638542,+0000.4609117849746335,+0000.1070874425705310,+0000.0802921007909815
+0000.3428938726128600,+0000.4689563765537044,+0000.1059953029797191,+0000.0821544478537167
+0000.3341270342501448,+0000.4769667708555547,+0000.1048778960736629,+0000.0840282988206377
+0000.3254116254269097,+0000.4849395774615642,+0000.1037357540997285,+0000.0859130430117978
+0000.3167510873267676,+0000.4928714268999985,+0000.1025694261670675,+0000.0878080596061665
+0000.3081488320283630,+0000.5007589720326159,+0000.1013794780687425,+0000.0897127178702787
+0000.2996082410827692,+0000.5085988894295788,+0000.1001664920941067,+0000.0916263773935454
+0000.2911326641062597,+0000.5163878807321045,+0000.0989310668314865,+0000.0935483883301494
+0000.2827254173890535,+0000.5241226740022813,+0000.0976738169612225,+0000.0954780916474428
+0000.2743897825206137,+0000.5318000250594965,+0000.0963953730391286,+0000.0974148193807613
+0000.2661290050320879,+0000.5394167188029144,+0000.0950963812704346,+0000.0993578948945633
+0000.2579462930564524,+0000.5469695705194625,+0000.0937775032742828,+0000.1013066331498023
+0000.2498448160069294,+0000.5544554271767821,+0000.0924394158388559,+0000.1032603409774328
+0000.2418277032742197,+0000.5618711687006158,+0000.0910828106672139,+0000.1052183173579506
+0000.2338980429431077,+0000.5692137092360997,+0000.0897083941139312,+0000.1071798537068614
+0000.2260588805289624,+0000.5764799983924480,+0000.0883168869126212,+0000.1091442341659685
+0000.2183132177346670,+0000.5836670224705169,+0000.0869090238944485,+0000.1111107359003677
+0000.2106640112284842,+0000.5907718056727524,+0000.0854855536977279,+0000.1130786294010355
+0000.2031141714433719,+0000.5977914112950211,+0000.0840472384687195,+0000.1150471787928876
+0000.1956665613982358,+0000.6047229428998463,+0000.0825948535537305,+0000.1170156421481875
+0000.1883239955416108,+0000.6115635454705692,+0000.0811291871826425,+0000.1189832718051775
+0000.1810892386182369,+0000.6183104065459756,+0000.0796510401439844,+0000.1209493146918032
+0000.1739650045590009,+0000.6249607573349216,+0000.0781612254516795,+0000.1229130126543982
+0000.1669539553946927,+0000.6315118738105174,+0000.0766605680035996,+0000.1248736027911904
+0000.1600587001940136,+0000.6379610777834311,+0000.0751499042320605,+0000.1268303177904949
+0000.1532817940262738,+0000.6443057379538782,+0000.0736300817464030,+0000.1287823862734450
+0000.1466257369491901,+0000.6505432709418851,+0000.0721019589678047,+0000.1307290331411201
+0000.1400929730221960,+0000.6566711422954122,+0000.0705664047564747,+0000.1326694799259171
+0000.1336858893456522,+0000.6626868674759450,+0000.0690242980313852,+0000.1346029451470177
+0000.1274068151263467,+0000.6685880128211582,+0000.0674765273827030,+0000.1365286446697922
+0000.1212580207696503,+0000.6743721964842819,+0000.0659239906770833,+0000.1384457920689847
+0000.1152417169986882,+0000.6800370893497977,+0000.0643675946559971,+0000.1403535989955172
+0000.1093600540008692,+0000.6855804159251160,+0000.0628082545272642,+0000.1422512755467509
+0000.1036151206021104,+0000.6909999552078828,+0000.0612468935499713,+0000.1441380306400359
+0000.0980089434690736,+0000.6962935415285875,+0000.0596844426129562,+0000.1460130723893832
+0000.0925434863397242,+0000.7014590653681457,+0000.0581218398070455,+0000.1478756084850850
+0000.0872206492825005,+0000.7064944741501524,+0000.0565600299912352,+0000.1497248465761122
+0000.0820422679843831,+0000.7113977730074981,+0000.0549999643530092,+0000.1515599946551100
+0000.0770101130681246,+0000.7161670255230663,+0000.0534425999629940,+0000.1533802614458155
