+0001.0000000000000000,+0000.0000000000000000,+0000.0000000000000000,+0000.0000000000000000,+0000.0000000000000000
+0000.9998782073400985,+0000.0000250089605004,+0000.0000906128058338,+0000.0000000006255003,+0000.0000061702680671
+0000.9995252763138246,+0000.0001000239381208,+0000.0003286765587889,+0000.0000000088391634,+0000.0000460143501024
+0000.9989586132626694,+0000.0002250103258840,+0000.0006717237515799,+0000.0000000417475677,+0000.0001446109122990
+0000.9981940633448111,+0000.0003999129296707,+0000.0010864110251831,+0000.0000001237398777,+0000.0003194889604574
+0000.9972460484174726,+0000.0006246578493174,+0000.0015467408797941,+0000.0000002838238685,+0000.0005822690295474
+0000.9961276936571803,+0000.0008991541538244,+0000.0020326155950401,+0000.0000005535992441,+0000.0009399829947110
+0000.9948509436697073,+0000.0012232953726932,+0000.0025286625484848,+0000.0000009657359093,+0000.0013961326732054
+0000.9934266688256924,+0000.0015969608231636,+0000.0030232811397311,+0000.0000015528505687,+0000.0019515363608440
+0000.9918647625338276,+0000.0020200167910852,+0000.0035078705597394,+0000.0000023466959182,+0000.0026050034194296
+0000.9901742301336119,+0000.0024923175813220,+0000.0039762050483228,+0000.0000033775936463,+0000.0033538696430968
+0000.9883632700559878,+0000.0030137064519353,+0000.0044239293500590,+0000.0000046740562094,+0000.0041944200858084
+0000.9864393478642186,+0000.0035840164448932,+0000.0048481520503831,+0000.0000062625534700,+0000.0051222210870350
+0000.9844092637503353,+0000.0042030711247190,+0000.0052471185465801,+0000.0000081673892824,+0000.0061323791890832
+0000.9822792140252601,+0000.0048706852352773,+0000.0056199487445142,+0000.0000104106603727,+0000.0072197413345757
+0000.9800548471039862,+0000.0055866652838160,+0000.0059664273039344,+0000.0000130122757085,+0000.0083790480325548
+0000.9777413144514407,+0000.0063508100604059,+0000.0062868364919263,+0000.0000159900192574,+0000.0096050489769695
+0000.9753433169202358,+0000.0071629111000462,+0000.0065818235348331,+0000.0000193596428069,+0000.0108925888020779
+0000.9728651468786537,+0000.0080227530939205,+0000.0068522958569867,+0000.0000231349785389,+0000.0122366691919001
+0000.9703107264960742,+0000.0089301142555855,+0000.0070993388199373,+0000.0000273280634574,+0000.0136324923649455
+0000.9676836425237094,+0000.0098847666472452,+0000.0073241515778079,+0000.0000319492696865,+0000.0150754899815508
+0000.9649871778810016,+0000.0108864764707010,+0000.0075279974833332,+0000.0000370074361691,+0000.0165613407287949
+0000.9622243403323570,+0000.0119350043270640,+0000.0077121661481782,+0000.0000425099984936,+0000.0180859791939070
+0000.9593978885149913,+0000.0130301054488646,+0000.0078779448074433,+0000.0000484631145134,+0000.0196455981141873
+0000.9565103555564989,+0000.0141715299077948,+0000.0080265970840992,+0000.0000548717841512,+0000.0212366456674558
+0000.9535640705002566,+0000.0153590228009554,+0000.0081593476127080,+0000.0000617399623480,+0000.0228558191237318
+0000.9505611777378489,+0000.0165923244181623,+0000.0082773712781333,+0000.0000690706645456,+0000.0245000559013098
+0000.9475036546302726,+0000.0178711703925788,+0000.0083817860662681,+0000.0000768660644199,+0000.0261665228464606
+0000.9443933274836573,+0000.0191952918366843,+0000.0084736487201654,+0000.0000851275838252,+0000.0278526043756677
+0000.9412318860305222,+0000.0205644154653647,+0000.0085539525545503,+0000.0000938559750882,+0000.0295558899744746
+0000.9380208965541081,+0000.0219782637077032,+0000.0086236269112729,+0000.0001030513959164,+0000.0312741614309992
+0000.9347618137809740,+0000.0234365548088743,+0000.0086835378433342,+0000.0001127134772720,+0000.0330053800895454
+0000.9314559916557508,+0000.0249390029233769,+0000.0087344897001930,+0000.0001228413846201,+0000.0347476743360591
+0000.9281046931016309,+0000.0264853182007067,+0000.0087772273558411,+0000.0001334338729876,+0000.0364993274688336
+0000.9247090988607449,+0000.0280752068644324,+0000.0088124388766303,+0000.0001444893362886,+0000.0382587660619037
+0000.9212703154999853,+0000.0297083712855347,+0000.0088407584705201,+0000.0001560058513675,+0000.0400245488925923
+0000.9177893826600004,+0000.0313845100507619,+0000.0088627695953113,+0000.0001679812172067,+0000.0417953564767196
+0000.9142672796179458,+0000.0331033180266678,+0000.0088790081321805,+0000.0001804129897254,+0000.0435699812334804
+0000.9107049312280777,+0000.0348644864199182,+0000.0088899655537894,+0000.0001932985125798,+0000.0453473182856348
+0000.9071032132983603,+0000.0366677028343841,+0000.0088960920345011,+0000.0002066349443475,+0000.0471263568884069
+0000.9034629574558776,+0000.0385126513254733,+0000.0088977994646977,+0000.0002204192824551,+0000.0489061724714962
+0000.8997849555489471,+0000.0403990124520996,+0000.0088954643425838,+0000.0002346483841840,+0000.0506859192721853
+0000.8960699636293867,+0000.0423264633266414,+0000.0088894305257773,+0000.0002493189850587,+0000.0524648235331358
+0000.8923187055543438,+0000.0442946776631930,+0000.0088800118319177,+0000.0002644277149010,+0000.0542421772356445
+0000.8885318762434271,+0000.0463033258243795,+0000.0088674944828511,+0000.0002799711118063,+0000.0560173323375358
+0000.8847101446235474,+0000.0483520748669680,+0000.0088521393910069,+0000.0002959456342756,+0000.0577896954842020
+0000.8808541562908455,+0000.0504405885864802,+0000.0088341842896155,+0000.0003123476717150,+0000.0595587231613437
+0000.8769645359163436,+0000.0525685275609846,+0000.0088138457106486,+0000.0003291735534927,+0000.0613239172585305
+0000.8730418894194584,+0000.0547355491942220,+0000.0087913208159482,+0000.0003464195567277,+0000.0630848210136437
+0000.8690868059312568,+0000.0569413077582000,+0000.0087667890881070,+0000.0003640819129608,+0000.0648410153094755
+0000.8650998595672810,+0000.0591854544353716,+0000.0087404138883541,+0000.0003821568138495,+0000.0665921152951439
+0000.8610816110279109,+0000.0614676373604982,+0000.0087123438891001,+0000.0004006404160077,+0000.0683377673064831
+0000.8570326090425429,+0000.0637875016622834,+0000.0086827143889585,+0000.0004195288451013,+0000.0700776460611139
+0000.8529533916723342,+0000.0661446895048516,+0000.0086516485180492,+0000.0004388181992964,+0000.0718114521054686
+0000.8488444874848771,+0000.0685388401291351,+0000.0086192583412497,+0000.0004585045521471,+0000.0735389094925911
+0000.8447064166129062,+0000.0709695898942214,+0000.0085856458668264,+0000.0004785839549993,+0000.0752597636710466
+0000.8405396917080052,+0000.0734365723187091,+0000.0085509039675760,+0000.0004990524389787,+0000.0769737795667310
+0000.8363448187992443,+0000.0759394181221082,+0000.0085151172212636,+0000.0005199060166208,+0000.0786807398407632
+0000.8321222980657456,+0000.0784777552663177,+0000.0084783626767738,+0000.0005411406831979,+0000.0803804433079651
+0000.8278726245313238,+0000.0810512089972066,+0000.0084407105520050,+0000.0005627524177869,+0000.0820727035016778
+0000.8235962886885810,+0000.0836594018863206,+0000.0084022248691487,+0000.0005847371841185,+0000.0837573473718312
+0000.8192937770591382,+0000.0863019538727309,+0000.0083629640326134,+0000.0006070909312441,+0000.0854342141042736
+0000.8149655726960555,+0000.0889784823050392,+0000.0083229813544737,+0000.0006298095940493,+0000.0871031540503823
+0000.8106121556339222,+0000.0916886019835503,+0000.0082823255319685,+0000.0006528890936422,+0000.0887640277569169
+0000.8062340032915768,+0000.0944319252026190,+0000.0082410410812217,+0000.0006763253376377,+0000.0904167050869449
+0000.8018315908319528,+0000.0972080617931784,+0000.0081991687310344,+0000.0007001142203596,+0000.0920610644234750
+0000.7974053914831176,+0000.1000166191654513,+0000.0081567457802880,+0000.0007242516229760,+0000.0936969919481671
+0000.7929558768241891,+0000.1028572023518495,+0000.0081138064222060,+0000.0007487334135843,+0000.0953243809881712
+0000.7884835170394647,+0000.1057294140500575,+0000.0080703820384546,+0000.0007735554472559,+0000.0969431314247674
+0000.7839887811437842,+0000.1086328546663035,+0000.0080265014658077,+0000.0007987135660546,+0000.0985531491580501
+0000.7794721371818591,+0000.1115671223588140,+0000.0079821912378712,+0000.0008242035990345,+0000.1001543456224212
+0000.7749340524040456,+0000.1145318130814486,+0000.0079374758041432,+0000.0008500213622274,+0000.1017466373481354
+0000.7703749934208007,+0000.1175265206275133,+0000.0078923777284882,+0000.0008761626586244,+0000.1033299455645734
+0000.7657954263378529,+0000.1205508366737467,+0000.0078469178689228,+0000.0009026232781584,+0000.1049041958413193
+0000.7611958168739211,+0000.1236043508244748,+0000.0078011155404363,+0000.0009293989976906,+0000.1064693177634772
+0000.7565766304626494,+0000.1266866506559294,+0000.0077549886624211,+0000.0009564855810057,+0000.1080252446379945
+0000.7519383323402586,+0000.1297973217607244,+0000.0077085538921416,+0000.0009838787788169,+0000.1095719132280584
+0000.7472813876202815,+0000.1329359477924851,+0000.0076618267455440,+0000.0010115743287858,+0000.1111092635129036
+0000.7426062613566135,+0000.1361021105106226,+0000.0076148217065874,+0000.0010395679555554,+0000.1126372384706212
+0000.7379134185959972,+0000.1392953898252497,+0000.0075675523261731,+0000.0010678553708004,+0000.1141557838817795
+0000.7332033244209532,+0000.1425153638422298,+0000.0075200313116454,+0000.0010964322732946,+0000.1156648481518770
+0000.7284764439840690,+0000.1457616089083539,+0000.0074722706077517,+0000.0011252943489950,+0000.1171643821508304
+0000.7237332425344811,+0000.1490336996566388,+0000.0074242814698638,+0000.0011544372711453,+0000.1186543390678709
+0000.7189741854372965,+0000.1523312090517396,+0000.0073760745301916,+0000.0011838567003964,+0000.1201346742803758
+0000.7141997381866342,+0000.1556537084354711,+0000.0073276598576495,+0000.0012135482849455,+0000.1216053452352997
+0000.7094103664129041,+0000.1590007675724307,+0000.0072790470119755,+0000.0012435076606931,+0000.1230663113419965
+0000.7046065358848789,+0000.1623719546957167,+0000.0072302450926473,+0000.0012737304514174,+0000.1245175338753398
+0000.6997887125070630,+0000.1657668365527360,+0000.0071812627830878,+0000.0013042122689654,+0000.1259589758881479
+0000.6949573623128186,+0000.1691849784510940,+0000.0071321083906070,+0000.0013349487134613,+0000.1273906021320191
+0000.6901129514536589,+0000.1726259443045616,+0000.0070827898824845,+0000.0013659353735304,+0000.1288123789857644
+0000.6852559461850868,+0000.1760892966791116,+0000.0070333149185602,+0000.0013971678265384,+0000.1302242743907028
+0000.6803868128493166,+0000.1795745968390196,+0000.0069836908806636,+0000.0014286416388456,+0000.1316262577921544
+0000.6755060178551869,+0000.1830814047930228,+0000.0069339248991844,+0000.0014603523660747,+0000.1330183000865310
+0000.6706140276555441,+0000.1866092793405304,+0000.0068840238770554,+0000.0014922955533929,+0000.1344003735734770
+0000.6657113087223485,+0000.1901577781178800,+0000.0068339945113944,+0000.0015244667358057,+0000.1357724519125712
+0000.6607983275197311,+0000.1937264576446341,+0000.0067838433130293,+0000.0015568614384634,+0000.1371345100841418
+0000.6558755504752108,+0000.1973148733699108,+0000.0067335766241067,+0000.0015894751769784,+0000.1384865243537929
+0000.6509434439492582,+0000.2009225797187421,+0000.0066832006339689,+0000.0016223034577540,+0000.1398284722402766
+0000.6460024742033759,+0000.2045491301384562,+0000.0066327213934635,+0000.0016553417783221,+0000.1411603324863822
+0000.6410531073668534,+0000.2081940771450755,+0000.0065821448278356,+0000.0016885856276915,+0000.1424820850325439
+0000.6360958094023328,+0000.2118569723697270,+0000.0065314767483388,+0000.0017220304867043,+0000.1437937109928969
+0000.6311310460703152,+0000.2155373666050586,+0000.0064807228626871,+0000.0017556718284009,+0000.1450951926335380
+0000.6261592828927228,+0000.2192348098516548,+0000.0064298887844590,+0000.0017895051183921,+0000.1463865133527710
+0000.6211809851156206,+0000.2229488513644493,+0000.0063789800415534,+0000.0018235258152395,+0000.1476676576631368
+0000.6161966176711945,+0000.2266790396991262,+0000.0063280020837904,+0000.0018577293708411,+0000.1489386111750475
+0000.6112066451390715,+0000.2304249227585057,+0000.0062769602897358,+0000.0018921112308242,+0000.1501993605818625
+0000.6062115317070607,+0000.2341860478389101,+0000.0062258599728272,+0000.0019266668349431,+0000.1514498936462587
+0000.6012117411313862,+0000.2379619616765029,+0000.0061747063868659,+0000.0019613916174830,+0000.1526901991877618
+0000.5962077366964791,+0000.2417522104935977,+0000.0061235047309381,+0000.0019962810076677,+0000.1539202670713172
+0000.5911999811743841,+0000.2455563400449307,+0000.0060722601538182,+0000.0020313304300723,+0000.1551400881967944
+0000.5861889367838391,+0000.2493738956638924,+0000.0060209777579054,+0000.0020665353050399,+0000.1563496544893230
+0000.5811750651490728,+0000.2532044223087133,+0000.0059696626027379,+0000.0021018910491015,+0000.1575489588903742
+0000.5761588272583681,+0000.2570474646085986,+0000.0059183197081263,+0000.0021373930754000,+0000.1587379953495067
+0000.5711406834224315,+0000.2609025669098071,+0000.0058669540569415,+0000.0021730367941163,+0000.1599167588167033
+0000.5661210932326044,+0000.2647692733216699,+0000.0058155705975919,+0000.0022088176128988,+0000.1610852452352347
+0000.5611005155189527,+0000.2686471277625432,+0000.0057641742462195,+0000.0022447309372950,+0000.1622434515349893
+0000.5560794083082647,+0000.2725356740056910,+0000.0057127698886413,+0000.0022807721711854,+0000.1633913756262173
+0000.5510582287819861,+0000.2764344557250934,+0000.0056613623820624,+0000.0023169367172189,+0000.1645290163936389
+0000.5460374332341181,+0000.2803430165411749,+0000.0056099565565812,+0000.0023532199772503,+0000.1656563736908752
+0000.5410174770291043,+0000.2842609000664483,+0000.0055585572165080,+0000.0023896173527789,+0000.1667734483351602
+0000.5359988145597254,+0000.2881876499510709,+0000.0055071691415150,+0000.0024261242453883,+0000.1678802421023001
+0000.5309818992050263,+0000.2921228099283054,+0000.0054557970876339,+0000.0024627360571875,+0000.1689767577218466
+0000.5259671832882896,+0000.2960659238598852,+0000.0054044457881160,+0000.0024994481912525,+0000.1700629988724564
+0000.5209551180350779,+0000.3000165357812754,+0000.0053531199541685,+0000.0025362560520685,+0000.1711389701774095
+0000.5159461535313564,+0000.3039741899468273,+0000.0053018242755794,+0000.0025731550459726,+0000.1722046772002640
+0000.5109407386817139,+0000.3079384308748228,+0000.0052505634212408,+0000.0026101405815967,+0000.1732601264406254
+0000.5059393211676935,+0000.3119088033924014,+0000.0051993420395825,+0000.0026472080703112,+0000.1743053253300110
+0000.5009423474062484,+0000.3158848526803676,+0000.0051481647589229,+0000.0026843529266672,+0000.1753402822277933
+0000.4959502625083319,+0000.3198661243178746,+0000.0050970361877467,+0000.0027215705688403,+0000.1763650064172060
+0000.4909635102376346,+0000.3238521643269778,+0000.0050459609149161,+0000.0027588564190727,+0000.1773795081013983
+0000.4859825329694785,+0000.3278425192170568,+0000.0049949435098227,+0000.0027962059041156,+0000.1783837983995260
+0000.4810077716498783,+0000.3318367360290979,+0000.0049439885224853,+0000.0028336144556710,+0000.1793778893428669
+0000.4760396657547774,+0000.3358343623798378,+0000.0048931004835996,+0000.0028710775108329,+0000.1803617938709518
+0000.4710786532494685,+0000.3398349465057588,+0000.0048422839045451,+0000.0029085905125272,+0000.1813355258276999
+0000.4661251705482072,+0000.3438380373069359,+0000.0047915432773524,+0000.0029461489099518,+0000.1822990999575523
+0000.4611796524740245,+0000.3478431843907288,+0000.0047408830746362,+0000.0029837481590145,+0000.1832525319015955
+0000.4562425322187472,+0000.3518499381153162,+0000.0046903077494972,+0000.0030213837227710,+0000.1841958381936679
+0000.4513142413032317,+0000.3558578496330672,+0000.0046398217353955,+0000.0030590510718612,+0000.1851290362564440
+0000.4463952095378174,+0000.3598664709337470,+0000.0045894294460000,+0000.0030967456849442,+0000.1860521443974910
+0000.4414858649830079,+0000.3638753548875521,+0000.0045391352750145,+0000.0031344630491324,+0000.1869651818052925
+0000.4365866339103835,+0000.3678840552879706,+0000.0044889435959853,+0000.0031721986604241,+0000.1878681685452360
+0000.4316979407637515,+0000.3718921268944644,+0000.0044388587620898,+0000.0032099480241344,+0000.1887611255555594
+0000.4268202081205403,+0000.3758991254749692,+0000.0043888851059107,+0000.0032477066553249,+0000.1896440746432544
+0000.4219538566534407,+0000.3799046078482085,+0000.0043390269391957,+0000.0032854700792320,+0000.1905170384799226
+0000.4170993050923013,+0000.3839081319258170,+0000.0042892885526054,+0000.0033232338316928,+0000.1913800405975830
+0000.4122569701862815,+0000.3879092567542700,+0000.0042396742154504,+0000.0033609934595702,+0000.1922331053844274
+0000.4074272666662668,+0000.3919075425566158,+0000.0041901881754190,+0000.0033987445211757,+0000.1930762580805223
+0000.4026106072075505,+0000.3959025507740057,+0000.0041408346582967,+0000.0034364825866907,+0000.1939095247734559
+0000.3978074023927882,+0000.3998938441070186,+0000.0040916178676793,+0000.0034742032385854,+0000.1947329323939281
+0000.3930180606752246,+0000.4038809865567778,+0000.0040425419846788,+0000.0035119020720363,+0000.1955465087112820
+0000.3882429883422021,+0000.4078635434658534,+0000.0039936111676253,+0000.0035495746953416,+0000.1963502823289771
+0000.3834825894789508,+0000.4118410815589489,+0000.0039448295517641,+0000.0035872167303346,+0000.1971442826800011
+0000.3787372659326661,+0000.4158131689833684,+0000.0038962012489487,+0000.0036248238127945,+0000.1979285400222219
+0000.3740074172768763,+0000.4197793753492584,+0000.0038477303473321,+0000.0036623915928557,+0000.1987030854336772
+0000.3692934407761038,+0000.4237392717696243,+0000.0037994209110546,+0000.0036999157354149,+0000.1994679508078021
+0000.3645957313508243,+0000.4276924309001147,+0000.0037512769799305,+0000.0037373919205353,+0000.2002231688485949
+0000.3599146815427263,+0000.4316384269785716,+0000.0037033025691335,+0000.0037748158438493,+0000.2009687730657188
+0000.3552506814802751,+0000.4355768358643431,+0000.0036555016688810,+0000.0038121832169587,+0000.2017047977695416
+0000.3506041188445831,+0000.4395072350773545,+0000.0036078782441182,+0000.0038494897678319,+0000.2024312780661119
+0000.3459753788355920,+0000.4434292038369341,+0000.0035604362342023,+0000.0038867312411996,+0000.2031482498520716
+0000.3413648441385664,+0000.4473423231003925,+0000.0035131795525869,+0000.0039239033989475,+0000.2038557498095063
+0000.3367728948909059,+0000.4512461756013486,+0000.0034661120865068,+0000.0039610020205067,+0000.2045538154007316
+0000.3321999086492747,+0000.4551403458878018,+0000.0034192376966644,+0000.0039980229032415,+0000.2052424848630172
+0000.3276462603570549,+0000.4590244203599461,+0000.0033725602169165,+0000.0040349618628347,+0000.2059217972032475
+0000.3231123223121241,+0000.4628979873077214,+0000.0033260834539629,+0000.0040718147336703,+0000.2065917921925210
+0000.3185984641349605,+0000.4667606369481028,+0000.0032798111870368,+0000.0041085773692134,+0000.2072525103606861
+0000.3141050527370792,+0000.4706119614621198,+0000.0032337471675967,+0000.0041452456423876,+0000.2079039929908162
+0000.3096324522898010,+0000.4744515550316053,+0000.0031878951190202,+0000.0041818154459499,+0000.2085462821136231
+0000.3051810241933574,+0000.4782790138756707,+0000.0031422587363005,+0000.0042182826928621,+0000.2091794205018088
+0000.3007511270463331,+0000.4820939362869038,+0000.0030968416857445,+0000.0042546433166603,+0000.2098034516643579
+0000.2963431166154500,+0000.4858959226672854,+0000.0030516476046743,+0000.0042908932718211,+0000.2104184198407687
+0000.2919573458056940,+0000.4896845755638247,+0000.0030066801011302,+0000.0043270285341249,+0000.2110243699952257
+0000.2875941646307869,+0000.4934594997039063,+0000.0029619427535770,+0000.0043630451010167,+0000.2116213478107126
+0000.2832539201840066,+0000.4972203020303494,+0000.0029174391106132,+0000.0043989389919635,+0000.2122093996830668
+0000.2789369566093579,+0000.5009665917361737,+0000.0028731726906827,+0000.0044347062488092,+0000.2127885727149760
+0000.2746436150730946,+0000.5046979802990713,+0000.0028291469817898,+0000.0044703429361263,+0000.2133589147099176
+0000.2703742337355969,+0000.5084140815155800,+0000.0027853654412168,+0000.0045058451415643,+0000.2139204741660415
+0000.2661291477236054,+0000.5121145115349565,+0000.0027418314952457,+0000.0045412089761959,+0000.2144733002699962
+0000.2619086891028137,+0000.5157988888927452,+0000.0026985485388817,+0000.0045764305748593,+0000.2150174428906997
+0000.2577131868508222,+0000.5194668345440417,+0000.0026555199355816,+0000.0046115060964976,+0000.2155529525730564
+0000.2535429668304546,+0000.5231179718964473,+0000.0026127490169840,+0000.0046464317244954,+0000.2160798805316183
+0000.2493983517634397,+0000.5267519268427102,+0000.0025702390826438,+0000.0046812036670120,+0000.2165982786441937
+0000.2452796612044586,+0000.5303683277930556,+0000.0025279933997703,+0000.0047158181573115,+0000.2171081994454034
+0000.2411872115155627,+0000.5339668057071959,+0000.0024860152029679,+0000.0047502714540893,+0000.2176096961201836
+0000.2371213158409606,+0000.5375469941260230,+0000.0024443076939812,+0000.0047845598417961,+0000.2181028224972386
+0000.2330822840821777,+0000.5411085292029789,+0000.0024028740414431,+0000.0048186796309581,+0000.2185876330424418
+0000.2290704228735903,+0000.5446510497351007,+0000.0023617173806271,+0000.0048526271584938,+0000.2190641828521876
+0000.2250860355583349,+0000.5481741971937401,+0000.0023208408132027,+0000.0048863987880283,+0000.2195325276466936
+0000.2211294221645953,+0000.5516776157549523,+0000.0022802474069947,+0000.0049199909102031,+0000.2199927237632540
+0000.2172008793822687,+0000.5551609523295549,+0000.0022399401957464,+0000.0049533999429834,+0000.2204448281494460
+0000.2133007005400122,+0000.5586238565928507,+0000.0021999221788864,+0000.0049866223319617,+0000.2208888983562884
+0000.2094291755826718,+0000.5620659810140163,+0000.0021601963212988,+0000.0050196545506582,+0000.2213249925313543
+0000.2055865910490950,+0000.5654869808851504,+0000.0021207655530983,+0000.0050524931008172,+0000.2217531694118386
+0000.2017732300503285,+0000.5688865143499828,+0000.0020816327694075,+0000.0050851345127007,+0000.2221734883175799
+0000.1979893722482022,+0000.5722642424322398,+0000.0020428008301401,+0000.0051175753453783,+0000.2225860091440391
+0000.1942352938343014,+0000.5756198290636642,+0000.0020042725597857,+0000.0051498121870133,+0000.2229907923552350
+0000.1905112675093283,+0000.5789529411116885,+0000.0019660507472006,+0000.0051818416551457,+0000.2233878989766364
+0000.1868175624628540,+0000.5822632484067591,+0000.0019281381454012,+0000.0052136603969714,+0000.2237773905880139
+0000.1831544443534615,+0000.5855504237693089,+0000.0018905374713616,+0000.0052452650896179,+0000.2241593293162496
+0000.1795221752892832,+0000.5888141430363764,+0000.0018532514058156,+0000.0052766524404164,+0000.2245337778281080
+0000.1759210138089307,+0000.5920540850878698,+0000.0018162825930622,+0000.0053078191871704,+0000.2249007993229663
+0000.1723512148628216,+0000.5952699318724748,+0000.0017796336407752,+0000.0053387620984204,+0000.2252604575255074
+0000.1688130297949009,+0000.5984613684332016,+0000.0017433071198172,+0000.0053694779737053,+0000.2256128166783744
+0000.1653067063247614,+0000.6016280829325729,+0000.0017073055640567,+0000.0053999636438197,+0000.2259579415347887
+0000.1618324885301610,+0000.6047697666774481,+0000.0016716314701905,+0000.0054302159710682,+0000.2262958973511316
+0000.1583906168299400,+0000.6078861141434839,+0000.0016362872975689,+0000.0054602318495151,+0000.2266267498794914
+0000.1549813279673386,+0000.6109768229992285,+0000.0016012754680260,+0000.0054900082052311,+0000.2269505653601751
+0000.1516048549937150,+0000.6140415941298478,+0000.0015665983657133,+0000.0055195419965360,+0000.2272674105141873
+0000.1482614272526662,+0000.6170801316604826,+0000.0015322583369377,+0000.0055488302142376,+0000.2275773525356754
+0000.1449512703645498,+0000.6200921429792351,+0000.0014982576900036,+0000.0055778698818669,+0000.2278804590843440
+0000.1416746062114113,+0000.6230773387597822,+0000.0014645986950594,+0000.0056066580559095,+0000.2281767982778370
+0000.1384316529223137,+0000.6260354329836155,+0000.0014312835839473,+0000.0056351918260332,+0000.2284664386840898
+0000.1352226248590727,+0000.6289661429619052,+0000.0013983145500578,+0000.0056634683153117,+0000.2287494493136519
+0000.1320477326023969,+0000.6318691893569878,+0000.0013656937481886,+0000.0056914846804448,+0000.2290258996119813
+0000.1289071829384344,+0000.6347442962034744,+0000.0013334232944069,+0000.0057192381119740,+0000.2292958594517097
+0000.1258011788457246,+0000.6375911909289810,+0000.0013015052659162,+0000.0057467258344954,+0000.2295593991248823
+0000.1227299194825584,+0000.6404096043744762,+0000.0012699417009275,+0000.0057739451068673,+0000.2298165893351700
+0000.1196936001747449,+0000.6431992708142480,+0000.0012387345985340,+0000.0058008932224156,+0000.2300675011900570
+0000.1166924124037858,+0000.6459599279754861,+0000.0012078859185908,+0000.0058275675091334,+0000.2303122061930035
+0000.1137265437954582,+0000.6486913170574803,+0000.0011773975815980,+0000.0058539653298783,+0000.2305507762355847
+0000.1107961781088057,+0000.6513931827504333,+0000.0011472714685883,+0000.0058800840825651,+0000.2307832835896071
+0000.1079014952255382,+0000.6540652732538860,+0000.0011175094210189,+0000.0059059212003543,+0000.2310098008992023
+0000.1050426711398407,+0000.6567073402947547,+0000.0010881132406671,+0000.0059314741518372,+0000.2312304011728999
+0000.1022198779485909,+0000.6593191391449812,+0000.0010590846895307,+0000.0059567404412167,+0000.2314451577756800
+0000.0994332838419867,+0000.6619004286387902,+0000.0010304254897321,+0000.0059817176084845,+0000.2316541444210061
+0000.0966830530945827,+0000.6644509711895579,+0000.0010021373234267,+0000.0060064032295936,+0000.2318574351628388
+0000.0939693460567356,+0000.6669705328062884,+0000.0009742218327154,+0000.0060307949166277,+0000.2320551043876325
+0000.0912923191464604,+0000.6694588831096973,+0000.0009466806195618,+0000.0060548903179660,+0000.2322472268063141
+0000.0886521248416950,+0000.6719157953479017,+0000.0009195152457125,+0000.0060786871184442,+0000.2324338774462462
+0000.0860489116729743,+0000.6743410464117164,+0000.0008927272326228,+0000.0061021830395115,+0000.2326151316431744
+0000.0834828242165147,+0000.6767344168495550,+0000.0008663180613857,+0000.0061253758393835,+0000.2327910650331606
+0000.0809540030877058,+0000.6790956908819353,+0000.0008402891726656,+0000.0061482633131914,+0000.2329617535445015
+0000.0784625849350132,+0000.6814246564155887,+0000.0008146419666355,+0000.0061708432931263,+0000.2331272733896359
+0000.0760087024342889,+0000.6837211050571724,+0000.0007893778029194,+0000.0061931136485809,+0000.2332877010570379
+0000.0735924842834905,+0000.6859848321265846,+0000.0007644980005379,+0000.0062150722862856,+0000.2334431133031010
+0000.0712140551978084,+0000.6882156366698809,+0000.0007400038378587,+0000.0062367171504417,+0000.2335935871440100
+0000.0688735359052019,+0000.6904133214717935,+0000.0007158965525502,+0000.0062580462228498,+0000.2337391998476044
+0000.0665710431423412,+0000.6925776930678499,+0000.0006921773415410,+0000.0062790575230349,+0000.2338800289252327
+0000.0643066896509581,+0000.6947085617560942,+0000.0006688473609817,+0000.0062997491083665,+0000.2340161521235992
+0000.0620805841746023,+0000.6968057416084068,+0000.0006459077262120,+0000.0063201190741756,+0000.2341476474166031
+0000.0598928314558044,+0000.6988690504814254,+0000.0006233595117317,+0000.0063401655538666,+0000.2342745929971717
+0000.0577435322336443,+0000.7008983100270652,+0000.0006012037511755,+0000.0063598867190265,+0000.2343970672690883
+0000.0556327832417248,+0000.7028933457026384,+0000.0005794414372927,+0000.0063792807795284,+0000.2345151488388156
+0000.0535606772065491,+0000.7048539867805739,+0000.0005580735219297,+0000.0063983459836322,+0000.2346289165073149
+0000.0515273028463033,+0000.7067800663577347,+0000.0005371009160183,+0000.0064170806180807,+0000.2347384492618629
+0000.0495327448700404,+0000.7086714213643355,+0000.0005165244895668,+0000.0064354830081914,+0000.2348438262678657
+0000.0475770839772678,+0000.7105278925724585,+0000.0004963450716556,+0000.0064535515179452,+0000.2349451268606727
+0000.0456603968579362,+0000.7123493246041682,+0000.0004765634504374,+0000.0064712845500693,+0000.2350424305373888
+0000.0437827561928287,+0000.7141355659392253,+0000.0004571803731404,+0000.0064886805461180,+0000.2351358169486874
+0000.0419442306543505,+0000.7158864689223994,+0000.0004381965460770,+0000.0065057379865479,+0000.2352253658906251
+0000.0401448849077171,+0000.7176018897703803,+0000.0004196126346551,+0000.0065224553907895,+0000.2353111572964577
+0000.0383847796125413,+0000.7192816885782892,+0000.0004014292633946,+0000.0065388313173155,+0000.2353932712284592
+0000.0366639714248165,+0000.7209257293257879,+0000.0003836470159473,+0000.0065548643637033,+0000.2354717878697447
+0000.0349825129992967,+0000.7225338798827891,+0000.0003662664351214,+0000.0065705531666952,+0000.2355467875160973
+0000.0333404529922715,+0000.7241060120147648,+0000.0003492880229093,+0000.0065858964022538,+0000.2356183505678005
+0000.0317378360647351,+0000.7256420013876557,+0000.0003327122405198,+0000.0066008927856125,+0000.2356865575214767
+0000.0301747028859483,+0000.7271417275723805,+0000.0003165395084149,+0000.0066155410713236,+0000.2357514889619325
+0000.0286510901373920,+0000.7286050740489459,+0000.0003007702063494,+0000.0066298400533012,+0000.2358132255540112
+0000.0271670305171119,+0000.7300319282101578,+0000.0002854046734154,+0000.0066437885648600,+0000.2358718480344546
+0000.0257225527444519,+0000.7314221813649334,+0000.0002704432080904,+0000.0066573854787508,+0000.2359274372037734
+0000.0243176815651756,+0000.7327757287412160,+0000.0002558860682897,+0000.0066706297071910,+0000.2359800739181277
+0000.0229524377569757,+0000.7340924694884916,+0000.0002417334714219,+0000.0066835202018921,+0000.2360298390812185
+0000.0216268381353674,+0000.7353723066799094,+0000.0002279855944498,+0000.0066960559540824,+0000.2360768136361910
+0000.0203408955599667,+0000.7366151473140047,+0000.0002146425739534,+0000.0067082359945256,+0000.2361210785575495
+0000.0190946189411514,+0000.7378209023160269,+0000.0002017045061987,+0000.0067200593935361,+0000.2361627148430869
+0000.0178880132471033,+0000.7389894865388722,+0000.0001891714472086,+0000.0067315252609894,+0000.2362018035058263
+0000.0167210795112303,+0000.7401208187636218,+0000.0001770434128392,+0000.0067426327463294,+0000.2362384255659792
+0000.0155938148399662,+0000.7412148216996863,+0000.0001653203788588,+0000.0067533810385708,+0000.2362726620429179
+0000.0145062124209481,+0000.7422714219845578,+0000.0001540022810316,+0000.0067637693662981,+0000.2363045939471645
+0000.0134582615315685,+0000.7432905501831689,+0000.0001430890152044,+0000.0067737969976603,+0000.2363343022723979
+0000.0124499475479011,+0000.7442721407868619,+0000.0001325804373982,+0000.0067834632403621,+0000.2363618679874768
+0000.0114812519539983,+0000.7452161322119663,+0000.0001224763639025,+0000.0067927674416501,+0000.2363873720284829
+0000.0105521523515591,+0000.7461224667979877,+0000.0001127765713739,+0000.0068017089882966,+0000.2364108952907828
+0000.0096626224699655,+0000.7469910908054083,+0000.0001034807969387,+0000.0068102873065776,+0000.2364325186211099
+0000.0088126321766859,+0000.7478219544130997,+0000.0000945887382986,+0000.0068185018622486,+0000.2364523228096671
+0000.0080021474880429,+0000.7486150117153495,+0000.0000861000538406,+0000.0068263521605152,+0000.2364703885822518
+0000.0072311305803449,+0000.7493702207185021,+0000.0000780143627507,+0000.0068338377460005,+0000.2364867965924019
+0000.0064995398013784,+0000.7500875433372165,+0000.0000703312451305,+0000.0068409582027081,+0000.2365016274135665
+0000.0058073296822607,+0000.7507669453903398,+0000.0000630502421190,+0000.0068477131539819,+0000.2365149615312986
+0000.0051544509496491,+0000.7514083965963996,+0000.0000561708560160,+0000.0068541022624610,+0000.2365268793354744
+0000.0045408505383064,+0000.7520118705687152,+0000.0000496925504110,+0000.0068601252300317,+0000.2365374611125358
+0000.0039664716040194,+0000.7525773448101305,+0000.0000436147503146,+0000.0068657817977751,+0000.2365467870377605
+0000.0034312535368702,+0000.7531048007073674,+0000.0000379368422940,+0000.0068710717459110,+0000.2365549371675576
+0000.0029351319748553,+0000.7535942235250036,+0000.0000326581746116,+0000.0068759948937377,+0000.2365619914317918
+0000.0024780388178542,+0000.7540456023990746,+0000.0000277780573677,+0000.0068805510995689,+0000.2365680296261348
+0000.0020599022419415,+0000.7544589303303013,+0000.0000232957626464,+0000.0068847402606651,+0000.2365731314044457
+0000.0016806467140442,+0000.7548342041769460,+0000.0000192105246650,+0000.0068885623131633,+0000.2365773762711816
+0000.0013401930069382,+0000.7551714246472963,+0000.0000155215399270,+0000.0068920172320010,+0000.2365808435738376
+0000.0010384582145856,+0000.7554705962917800,+0000.0000122279673784,+0000.0068951050308379,+0000.2365836124954181
+0000.0007753557678072,+0000.7557317274947122,+0000.0000093289285679,+0000.0068978257619727,+0000.2365857620469401
+0000.0005507954502905,+0000.7559548304656748,+0000.0000068235078094,+0000.0069001795162572,+0000.2365873710599680
+0000.0003646834149294,+0000.7561399212305326,+0000.0000047107523497,+0000.0069021664230060,+0000.2365885181791824
+0000.0002169222004941,+0000.7562870196220849,+0000.0000029896725374,+0000.0069037866499025,+0000.2365892818549813
+0000.0001074107486281,+0000.7563961492703559,+0000.0000016592419972,+0000.0069050404029017,+0000.2365897403361170
+0000.0000360444211713,+0000.7564673375925260,+0000.0000007183978061,+0000.0069059279261292,+0000.2365899716623674
+0000.0000027150178048,+0000.7565006157825038,+0000.0000001660406733,+0000.0069064495017757,+0000.2365900536572424
+0000.0000073107940169,+0000.7564960188001421,+0000.0000000010351236,+0000.0069066054499895,+0000.2365900639207278
+0000.0000497164793872,+0000.7564535853600995,+0000.0000002222096842,+0000.0069063961287640,+0000.2365900798220650
+0000.0001298132961852,+0000.7563733579203498,+0000.0000008283570737,+0000.0069058219338218,+0000.2365901784925695
+0000.0002474789782830,+0000.7562553826703385,+0000.0000018182343956,+0000.0069048832984962,+0000.2365904368184866
+0000.0004025877903782,+0000.7560997095187931,+0000.0000031905633340,+0000.0069035806936080,+0000.2365909314338866
+0000.0005950105475238,+0000.7559063920811838,+0000.0000049440303533,+0000.0069019146273393,+0000.2365917387135997
+0000.0008246146349653,+0000.7556754876668408,+0000.0000070772868998,+0000.0068998856451037,+0000.2365929347661902
+0000.0010912640282786,+0000.7554070572657274,+0000.0000095889496079,+0000.0068974943294133,+0000.2365945954269725
+0000.0013948193138095,+0000.7551011655348727,+0000.0000124776005080,+0000.0068947412997415,+0000.2365967962510681
+0000.0017351377094097,+0000.7547578807844645,+0000.0000157417872383,+0000.0068916272123831,+0000.2365996125065041
+0000.0021120730854686,+0000.7543772749636058,+0000.0000193800232593,+0000.0068881527603107,+0000.2366031191673554
+0000.0025254759862360,+0000.7539594236457363,+0000.0000233907880712,+0000.0068843186730275,+0000.2366073909069287
+0000.0029751936514354,+0000.7535044060137207,+0000.0000277725274346,+0000.0068801257164169,+0000.2366125020909922
+0000.0034610700381632,+0000.7530123048446069,+0000.0000325236535935,+0000.0068755746925887,+0000.2366185267710473
+0000.0039829458430719,+0000.7524832064940554,+0000.0000376425455022,+0000.0068706664397223,+0000.2366255386776479
+0000.0045406585248348,+0000.7519172008804429,+0000.0000431275490537,+0000.0068654018319056,+0000.2366336112137626
+0000.0051340423268884,+0000.7513143814686414,+0000.0000489769773124,+0000.0068597817789718,+0000.2366428174481857
+0000.0057629283004507,+0000.7506748452534761,+0000.0000551891107485,+0000.0068538072263322,+0000.2366532301089923
+0000.0064271443278118,+0000.7499986927428637,+0000.0000617621974757,+0000.0068474791548059,+0000.2366649215770427
+0000.0071265151458946,+0000.7492860279406338,+0000.0000686944534914,+0000.0068407985804463,+0000.2366779638795336
+0000.0078608623700816,+0000.7485369583290357,+0000.0000759840629203,+0000.0068337665543643,+0000.2366924286835978
+0000.0086300045183068,+0000.7477515948509320,+0000.0000836291782593,+0000.0068263841625486,+0000.2367083872899528
+0000.0094337570354070,+0000.7469300518916840,+0000.0000916279206269,+0000.0068186525256828,+0000.2367259106265990
+0000.0102719323177323,+0000.7460724472607279,+0000.0000999783800134,+0000.0068105727989586,+0000.2367450692425676
+0000.0111443397380115,+0000.7451789021728468,+0000.0001086786155350,+0000.0068021461718872,+0000.2367659333017192
+0000.0120507856704686,+0000.7442495412291407,+0000.0001177266556903,+0000.0067933738681067,+0000.2367885725765934
+0000.0129910735161896,+0000.7432844923976956,+0000.0001271204986183,+0000.0067842571451866,+0000.2368130564423095
+0000.0139650037287340,+0000.7422838869939554,+0000.0001368581123605,+0000.0067747972944295,+0000.2368394538705202
+0000.0149723738399903,+0000.7412478596607993,+0000.0001469374351240,+0000.0067649956406695,+0000.2368678334234164
+0000.0160129784862706,+0000.7401765483483262,+0000.0001573563755484,+0000.0067548535420681,+0000.2368982632477862
+0000.0170866094346421,+0000.7390700942933502,+0000.0001681128129736,+0000.0067443723899066,+0000.2369308110691269
+0000.0181930556094923,+0000.7379286419986084,+0000.0001792045977118,+0000.0067335536083758,+0000.2369655441858113
+0000.0193321031193249,+0000.7367523392116844,+0000.0001906295513199,+0000.0067223986543630,+0000.2370025294633075
+0000.0205035352837826,+0000.7355413369036503,+0000.0002023854668760,+0000.0067109090172357,+0000.2370418333284551
+0000.0217071326608946,+0000.7342957892474299,+0000.0002144701092567,+0000.0066990862186230,+0000.2370835217637955
+0000.0229426730745445,+0000.7330158535958846,+0000.0002268812154180,+0000.0066869318121938,+0000.2371276603019589
+0000.0242099316421568,+0000.7317016904596270,+0000.0002396164946771,+0000.0066744473834323,+0000.2371743140201066
+0000.0255086808025973,+0000.7303534634845628,+0000.0002526736289975,+0000.0066616345494107,+0000.2372235475344315
+0000.0268386903442854,+0000.7289713394291651,+0000.0002660502732758,+0000.0066484949585595,+0000.2372754249947140
+0000.0281997274335144,+0000.7275554881414837,+0000.0002797440556303,+0000.0066350302904343,+0000.2373300100789370
+0000.0295915566429764,+0000.7261060825358915,+0000.0002937525776925,+0000.0066212422554812,+0000.2373873659879583
+0000.0310139399804897,+0000.7246232985695716,+0000.0003080734148996,+0000.0066071325947982,+0000.2374475554402407
+0000.0324666369179233,+0000.7231073152187487,+0000.0003227041167903,+0000.0065927030798951,+0000.2375106406666425
+0000.0339494044203180,+0000.7215583144546650,+0000.0003376422073011,+0000.0065779555124498,+0000.2375766834052659
+0000.0354619969751978,+0000.7199764812193069,+0000.0003528851850663,+0000.0065628917240632,+0000.2376457448963656
+0000.0370041666220709,+0000.7183620034008831,+0000.0003684305237180,+0000.0065475135760105,+0000.2377178858773173
+0000.0385756629821152,+0000.7167150718090575,+0000.0003842756721897,+0000.0065318229589906,+0000.2377931665776468
+0000.0401762332880457,+0000.7150358801499411,+0000.0004004180550208,+0000.0065158217928730,+0000.2378716467141192
+0000.0418056224141603,+0000.7133246250008440,+0000.0004168550726630,+0000.0064995120264420,+0000.2379533854858904
+0000.0434635729065612,+0000.7115815057847918,+0000.0004335841017889,+0000.0064828956371388,+0000.2380384415697190
+0000.0451498250135472,+0000.7098067247448092,+0000.0004506024956017,+0000.0064659746308012,+0000.2381268731152405
