+0000.0000000000000000,+0001.0000000000000000,+0000.0000000000000000
+0000.0001002003004005,+0000.9998997996995995,+0000.0000000000000000
+0000.0003834682391001,+0000.9996050471781947,+0000.0000114845827053
+0000.0008338281543786,+0000.9991214747188463,+0000.0000446971267752
+0000.0014363055866158,+0000.9984547193125957,+0000.0001089751007886
+0000.0021768716032698,+0000.9976103213438124,+0000.0002128070529178
+0000.0030423900544771,+0000.9965937235190596,+0000.0003638864264633
+0000.0040205676092863,+0000.9954102700222540,+0000.0005691623684598
+0000.0050999064300964,+0000.9940652058798997,+0000.0008348876900041
+0000.0062696593500570,+0000.9925636765211194,+0000.0011666641288236
+0000.0075197874250064,+0000.9909107275181077,+0000.0015694850568860
+0000.0088409197380082,+0000.9891113044934717,+0000.0020477757685202
+0000.0102243153407063,+0000.9871702531817356,+0000.0026054314775583
+0000.0116618272215638,+0000.9850923196330353,+0000.0032458531454010
+0000.0131458681966136,+0000.9828821505477534,+0000.0039719812556332
+0000.0146693786236226,+0000.9805442937315180,+0000.0047863276448597
+0000.0162257958455904,+0000.9780831986606340,+0000.0056910054937759
+0000.0178090252742628,+0000.9755032171486192,+0000.0066877575771183
+0000.0194134130288679,+0000.9728086041050914,+0000.0077779828660410
+0000.0210337200495801,+0000.9700035183787921,+0000.0089627615716282
+0000.0226650976092983,+0000.9670920236770482,+0000.0102428787136538
+0000.0243030641512050,+0000.9640780895544504,+0000.0116188462943448
+0000.0259434833832525,+0000.9609655924639882,+0000.0130909241527595
+0000.0275825435642258,+0000.9577583168643085,+0000.0146591395714659
+0000.0292167379193487,+0000.9544599563771747,+0000.0163233057034768
+0000.0308428461265609,+0000.9510741149895852,+0000.0180830388838541
+0000.0324579168175877,+0000.9476043082953719,+0000.0199377748870406
+0000.0340592510407712,+0000.9440539647714445,+0000.0218867841877845
+0000.0356443866353371,+0000.9404264270841644,+0000.0239291862804988
+0000.0372110834693370,+0000.9367249534216393,+0000.0260639631090238
+0000.0387573094959450,+0000.9329527188480171,+0000.0282899716560380
+0000.0402812275851032,+0000.9291128166761230,+0000.0306059557387740
+0000.0417811830897100,+0000.9252082598550452,+0000.0330105570552450
+0000.0432556921076322,+0000.9212419823695099,+0000.0355023255228580
+0000.0447034304028072,+0000.9172168406481137,+0000.0380797289490793
+0000.0461232229505813,+0000.9131356149776946,+0000.0407411620717243
+0000.0475140340742208,+0000.9090010109213242,+0000.0434849550044552
+0000.0488749581412297,+0000.9048156607375899,+0000.0463093811211805
+0000.0502052107897191,+0000.9005821247990152,+0000.0492126644112659
+0000.0515041206566041,+0000.8963028930076329,+0000.0521929863357632
+0000.0527711215808589,+0000.8919803862058819,+0000.0552484922132594
+0000.0540057452564372,+0000.8876169575811472,+0000.0583772971624158
+0000.0552076143107791,+0000.8832148940623988,+0000.0615774916268223
+0000.0563764357860649,+0000.8787764177075191,+0000.0648471465064162
+0000.0575119950015609,+0000.8743036870800255,+0000.0681843179184139
+0000.0586141497765198,+0000.8697987986140141,+0000.0715870516094663
+0000.0596828249941641,+0000.8652637879662552,+0000.0750533870395808
+0000.0607180074882905,+0000.8607006313544719,+0000.0785813611572379
+0000.0617197412349908,+0000.8561112468809282,+0000.0821690118840812
+0000.0626881228328977,+0000.8514974958405425,+0000.0858143813265601
+0000.0636232972562226,+0000.8468611840128216,+0000.0895155187309561
+0000.0645254538656781,+0000.8422040629369916,+0000.0932704831973306
+0000.0653948226631517,+0000.8375278311697705,+0000.0970773461670781
+0000.0662316707767367,+0000.8328341355252989,+0000.1009341936979646
+0000.0670362991634283,+0000.8281245722968041,+0000.1048391285397678
+0000.0678090395174560,+0000.8234006884596339,+0000.1087902720229105
+0000.0685502513728557,+0000.8186639828553519,+0000.1127857657717926
+0000.0692603193894840,+0000.8139159073566353,+0000.1168237732538809
+0000.0699396508122432,+0000.8091578680127632,+0000.1209024811749938
+0000.0705886730938280,+0000.8043912261755302,+0000.1250201007306420
+0000.0712078316718137,+0000.7996172996054584,+0000.1291748687227280
+0000.0717975878913913,+0000.7948373635582208,+0000.1333650485503880
+0000.0723584170655178,+0000.7900526518512218,+0000.1375889310832605
+0000.0728908066646825,+0000.7852643579103163,+0000.1418448354250011
+0000.0733952546289089,+0000.7804736357966764,+0000.1461311095744147
+0000.0738722677950017,+0000.7756816012138423,+0000.1504461309911560
+0000.0743223604324216,+0000.7708893324950233,+0000.1547883070725551
+0000.0747460528815266,+0000.7660978715707326,+0000.1591560755477408
+0000.0751438702882503,+0000.7613082249168657,+0000.1635479047948841
+0000.0755163414296078,+0000.7565213644833502,+0000.1679622940870421
+0000.0758639976247219,+0000.7517382286035127,+0000.1723977737717654
+0000.0761873717263460,+0000.7469597228843260,+0000.1768529053893280
+0000.0764869971881337,+0000.7421867210777123,+0000.1813262817341540
+0000.0767634072031607,+0000.7374200659330961,+0000.1858165268637432
+0000.0770171339094487,+0000.7326605700314072,+0000.1903222960591441
+0000.0772487076584721,+0000.7279090166007505,+0000.1948422757407774
+0000.0774586563428482,+0000.7231661603139651,+0000.1993751833431867
+0000.0776475047796168,+0000.7184327280683059,+0000.2039197671520773
+0000.0778157741457158,+0000.7137094197474891,+0000.2084748061067950
+0000.0779639814624416,+0000.7089969089663479,+0000.2130391095712104
+0000.0780926391258631,+0000.7042958437983531,+0000.2176115170757837
+0000.0782022544803242,+0000.6996068474862556,+0000.2221908980334201
+0000.0782933294323289,+0000.6949305191361158,+0000.2267761514315552
+0000.0783663601022526,+0000.6902674343949843,+0000.2313662055027629
+0000.0784218365114673,+0000.6856181461125048,+0000.2359600173760276
+0000.0784602423026019,+0000.6809831849867112,+0000.2405565727106866
+0000.0784820544907866,+0000.6763630601942910,+0000.2451548853149220
+0000.0784877432438535,+0000.6717582600055931,+0000.2497539967505530
+0000.0784777716895773,+0000.6671692523846523,+0000.2543529759257701
+0000.0784525957481509,+0000.6625964855745087,+0000.2589509186773402
+0000.0784126639881919,+0000.6580403886680983,+0000.2635469473437096
+0000.0783584175046750,+0000.6535013721649890,+0000.2681402103303357
+0000.0782902898172761,+0000.6489798285142374,+0000.2727298816684863
+0000.0782087067877009,+0000.6444761326436397,+0000.2773151605686593
+0000.0781140865546554,+0000.6399906424756496,+0000.2818952709696949
+0000.0780068394851918,+0000.6355236994302327,+0000.2864694610845754
+0000.0778873681412376,+0000.6310756289149253,+0000.2910370029438371
+0000.0777560672601862,+0000.6266467408023653,+0000.2955971919374484
+0000.0776133237484946,+0000.6222373298955572,+0000.3001493463559480
+0000.0774595166872923,+0000.6178476763811337,+0000.3046928069315739
+0000.0772950173490703,+0000.6134780462708701,+0000.3092269363800594
+0000.0771201892245705,+0000.6091286918317100,+0000.3137511189437193
+0000.0769353880590515,+0000.6047998520045508,+0000.3182647599363976
+0000.0767409618971549,+0000.6004917528120407,+0000.3227672852908041
+0000.0765372511356459,+0000.5962046077556323,+0000.3272581411087216
+0000.0763245885833429,+0000.5919386182021337,+0000.3317367932145233
+0000.0761032995275987,+0000.5876939737599971,+0000.3362027267124041
+0000.0758737018067295,+0000.5834708526455809,+0000.3406554455476895
+0000.0756361058878301,+0000.5792694220396141,+0000.3450944720725557
+0000.0753908149494481,+0000.5750898384340937,+0000.3495193466164581
+0000.0751381249686221,+0000.5709322479698371,+0000.3539296270615407
+0000.0748783248118231,+0000.5667967867649115,+0000.3583248884232653
+0000.0746116963293658,+0000.5626835812341554,+0000.3627047224364787
+0000.0743385144528873,+0000.5585927484000059,+0000.3670687371471066
+0000.0740590472955142,+0000.5545243961948407,+0000.3714165565096449
+0000.0737735562543682,+0000.5504786237550388,+0000.3757478199905929
+0000.0734822961150803,+0000.5464555217069625,+0000.3800621821779571
+0000.0731855151580082,+0000.5424551724450583,+0000.3843593123969335
+0000.0728834552658728,+0000.5384776504022677,+0000.3886388943318593
+0000.0725763520325480,+0000.5345230223129422,+0000.3929006256545096
+0000.0722644348727576,+0000.5305913474684438,+0000.3971442176587984
+0000.0719479271324517,+0000.5266826779656170,+0000.4013693949019313
+0000.0716270461996495,+0000.5227970589483085,+0000.4055758948520418
+0000.0713020036155536,+0000.5189345288421121,+0000.4097634675423342
+0000.0709730051857523,+0000.5150951195825060,+0000.4139318752317417
+0000.0706402510913443,+0000.5112788568365544,+0000.4180808920721012
+0000.0703039359998300,+0000.5074857602183351,+0000.4222103037818349
+0000.0699642491756259,+0000.5037158434982538,+0000.4263199073261204
+0000.0696213745900738,+0000.4999691148064023,+0000.4304095106035239
+0000.0692754910308224,+0000.4962455768301149,+0000.4344789321390627
+0000.0689267722104715,+0000.4925452270058711,+0000.4385280007836574
+0000.0685753868743799,+0000.4888680577056941,+0000.4425565554199259
+0000.0682214989075434,+0000.4852140564181860,+0000.4465644446742706
+0000.0678652674404608,+0000.4815832059243418,+0000.4505515266351974
+0000.0675068469539132,+0000.4779754844682773,+0000.4545176685778096
+0000.0671463873825867,+0000.4743908659230069,+0000.4584627466944065
+0000.0667840342174794,+0000.4708293199514000,+0000.4623866458311208
+0000.0664199286070369,+0000.4672908121624448,+0000.4662892592305184
+0000.0660542074569683,+0000.4637753042629432,+0000.4701704882800886
+0000.0656870035286987,+0000.4602827542047601,+0000.4740302422665412
+0000.0653184455364226,+0000.4568131163277431,+0000.4778684381358344
+0000.0649486582427222,+0000.4533663414984317,+0000.4816850002588462
+0000.0645777625527260,+0000.4499423772446663,+0000.4854798602026077
+0000.0642058756067807,+0000.4465411678862098,+0000.4892529565070095
+0000.0638331108716184,+0000.4431626546614868,+0000.4930042344668949
+0000.0634595782300015,+0000.4398067758505482,+0000.4967336459194505
+0000.0630853840688336,+0000.4364734668943611,+0000.5004411490368054
+0000.0627106313657259,+0000.4331626605105267,+0000.5041267081237475
+0000.0623354197740127,+0000.4298742868055199,+0000.5077902934204676
+0000.0619598457062121,+0000.4266082733835497,+0000.5114318809102383
+0000.0615840024159304,+0000.4233645454521298,+0000.5150514521319399
+0000.0612079800782114,+0000.4201430259244512,+0000.5186489939973374
+0000.0608318658683330,+0000.4169436355186446,+0000.5222244986130224
+0000.0604557440390570,+0000.4137662928540181,+0000.5257779631069249
+0000.0600796959963383,+0000.4106109145443538,+0000.5293093894593078
+0000.0597038003735030,+0000.4074774152883454,+0000.5328187843381516
+0000.0593281331039042,+0000.4043657079572541,+0000.5363061589388416
+0000.0589527674920684,+0000.4012757036798640,+0000.5397715288280674
+0000.0585777742833444,+0000.3982073119248073,+0000.5432149137918482
+0000.0582032217320690,+0000.3951604405803371,+0000.5466363376875938
+0000.0578291756682647,+0000.3921349960316163,+0000.5500358283001189
+0000.0574556995628850,+0000.3891308832355945,+0000.5534134172015206
+0000.0570828545916243,+0000.3861480057935374,+0000.5567691396148383
+0000.0567106996973106,+0000.3831862660212794,+0000.5601030342814100
+0000.0563392916508979,+0000.3802455650172588,+0000.5634151433318434
+0000.0559686851110785,+0000.3773258027284012,+0000.5667055121605202
+0000.0555989326825347,+0000.3744268780139118,+0000.5699741893035535
+0000.0552300849728479,+0000.3715486887070338,+0000.5732212263201184
+0000.0548621906480881,+0000.3686911316748334,+0000.5764466776770786
+0000.0544952964871022,+0000.3658541028760658,+0000.5796506006368320
+0000.0541294474345235,+0000.3630374974171774,+0000.5828330551482993
+0000.0537646866525220,+0000.3602412096064966,+0000.5859941037409815
+0000.0534010555713189,+0000.3574651330066678,+0000.5891338114220134
+0000.0530385939384845,+0000.3547091604853740,+0000.5922522455761414
+0000.0526773398670430,+0000.3519731842644034,+0000.5953494758685537
+0000.0523173298824038,+0000.3492570959671008,+0000.5984255741504955
+0000.0519585989681437,+0000.3465607866642567,+0000.6014806143675997
+0000.0516011806106583,+0000.3438841469184747,+0000.6045146724708671
+0000.0512451068427073,+0000.3412270668270631,+0000.6075278263302297
+0000.0508904082858727,+0000.3385894360634931,+0000.6105201556506343
+0000.0505371141919533,+0000.3359711439174654,+0000.6134917418905814
+0000.0501852524833153,+0000.3333720793336249,+0000.6164426681830599
+0000.0498348497922211,+0000.3307921309489645,+0000.6193730192588145
+0000.0494859314991572,+0000.3282311871289531,+0000.6222828813718899
+0000.0491385217701814,+0000.3256891360024293,+0000.6251723422273895
+0000.0487926435933110,+0000.3231658654952928,+0000.6280414909113964
+0000.0484483188139711,+0000.3206612633630324,+0000.6308904178229967
+0000.0481055681695249,+0000.3181752172221208,+0000.6337192146083546
+0000.0477644113229039,+0000.3157076145803142,+0000.6365279740967821
+0000.0474248668953603,+0000.3132583428658843,+0000.6393167902387557
+0000.0470869524983582,+0000.3108272894558178,+0000.6420857580458242
+0000.0467506847646257,+0000.3084143417030118,+0000.6448349735323627
+0000.0464160793783842,+0000.3060193869624964,+0000.6475645336591197
+0000.0460831511047760,+0000.3036423126167113,+0000.6502745362785131
+0000.0457519138185067,+0000.3012830060998671,+0000.6529650800816263
+0000.0454223805317219,+0000.2989413549214167,+0000.6556362645468617
+0000.0450945634211344,+0000.2966172466886635,+0000.6582881898902023
+0000.0447684738544221,+0000.2943105691285335,+0000.6609209570170447
+0000.0444441224159103,+0000.2920212101085352,+0000.6635346674755548
+0000.0441215189315590,+0000.2897490576569311,+0000.6661294234115102
+0000.0438006724932689,+0000.2874939999821473,+0000.6687053275245841
+0000.0434815914825243,+0000.2852559254914397,+0000.6712624830260363
+0000.0431642835933879,+0000.2830347228088447,+0000.6738009935977678
+0000.0428487558548638,+0000.2808302807924303,+0000.6763209633527063
+0000.0425350146526445,+0000.2786424885508736,+0000.6788224967964823
+0000.0422230657502554,+0000.2764712354593826,+0000.6813056987903625
+0000.0419129143096140,+0000.2743164111749826,+0000.6837706745154039
+0000.0416045649110165,+0000.2721779056511875,+0000.6862175294377965
+0000.0412980215725669,+0000.2700556091520734,+0000.6886463692753603
+0000.0409932877690622,+0000.2679494122657742,+0000.6910572999651642
+0000.0406903664503483,+0000.2658592059174159,+0000.6934504276322364
+0000.0403892600591580,+0000.2637848813815080,+0000.6958258585593345
+0000.0400899705484471,+0000.2617263302938069,+0000.6981836991577466
+0000.0397924993982383,+0000.2596834446626701,+0000.7005240559390923
+0000.0394968476319880,+0000.2576561168799143,+0000.7028470354880983
+0000.0392030158324871,+0000.2556442397311957,+0000.7051527444363178
+0000.0389110041573075,+0000.2536477064059243,+0000.7074412894367688
+0000.0386208123538071,+0000.2516664105067297,+0000.7097127771394638
+0000.0383324397737038,+0000.2497002460584897,+0000.7119673141678070
+0000.0380458853872306,+0000.2477491075169382,+0000.7142050070958318
+0000.0377611477968816,+0000.2458128897768626,+0000.7164259624262564
+0000.0374782252507609,+0000.2438914881799069,+0000.7186302865693327
+0000.0371971156555443,+0000.2419847985219901,+0000.7208180858224662
+0000.0369178165890631,+0000.2400927170603538,+0000.7229894663505837
+0000.0366403253125224,+0000.2382151405202503,+0000.7251445341672280
+0000.0363646387823605,+0000.2363519661012825,+0000.7272833951163575
+0000.0360907536617621,+0000.2345030914834075,+0000.7294061548548311
+0000.0358186663318313,+0000.2326684148326134,+0000.7315129188355559
+0000.0355483729024370,+0000.2308478348062808,+0000.7336037922912828
+0000.0352798692227365,+0000.2290412505582394,+0000.7356788802190247
+0000.0350131508913874,+0000.2272485617435285,+0000.7377382873650847
+0000.0347482132664566,+0000.2254696685228718,+0000.7397821182106722
+0000.0344850514750333,+0000.2237044715668759,+0000.7418104769580914
+0000.0342236604225548,+0000.2219528720599612,+0000.7438234675174846
+0000.0339640348018536,+0000.2202147717040339,+0000.7458211934941132
+0000.0337061691019313,+0000.2184900727219081,+0000.7478037581761613
+0000.0334500576164698,+0000.2167786778604857,+0000.7497712645230452
+0000.0331956944520835,+0000.2150804903937032,+0000.7517238151542140
+0000.0329430735363229,+0000.2133954141252510,+0000.7536615123384268
+0000.0326921886254343,+0000.2117233533910761,+0000.7555844579834904
+0000.0324430333118826,+0000.2100642130616718,+0000.7574927536264463
+0000.0321956010316452,+0000.2084178985441648,+0000.7593865004241906
+0000.0319498850712812,+0000.2067843157842046,+0000.7612657991445150
+0000.0317058785747837,+0000.2051633712676623,+0000.7631307501575547
+0000.0314635745502209,+0000.2035549720221459,+0000.7649814534276339
+0000.0312229658761713,+0000.2019590256183383,+0000.7668180085054912
+0000.0309840453079593,+0000.2003754401711631,+0000.7686405145208784
+0000.0307468054836969,+0000.1988041243407856,+0000.7704490701755183
+0000.0305112389301366,+0000.1972449873334539,+0000.7722437737364103
+0000.0302773380683405,+0000.1956979389021858,+0000.7740247230294744
+0000.0300450952191717,+0000.1941628893473074,+0000.7757920154335217
+0000.0298145026086121,+0000.1926397495168473,+0000.7775457478745413
+0000.0295855523729123,+0000.1911284308067943,+0000.7792860168202941
+0000.0293582365635773,+0000.1896288451612200,+0000.7810129182752035
+0000.0291325471521938,+0000.1881409050722739,+0000.7827265477755331
+0000.0289084760351030,+0000.1866645235800541,+0000.7844270003848436
+0000.0286860150379234,+0000.1851996142723594,+0000.7861143706897179
+0000.0284651559199273,+0000.1837460912843257,+0000.7877887527957476
+0000.0282458903782769,+0000.1823038692979521,+0000.7894502403237716
+0000.0280282100521214,+0000.1808728635415204,+0000.7910989264063589
+0000.0278121065265619,+0000.1794529897889116,+0000.7927349036845271
+0000.0275975713364857,+0000.1780441643588251,+0000.7943582643046898
+0000.0273845959702747,+0000.1766463041139010,+0000.7959690999158249
+0000.0271731718733917,+0000.1752593264597526,+0000.7975675016668563
+0000.0269632904518475,+0000.1738831493439104,+0000.7991535602042427
+0000.0267549430755531,+0000.1725176912546827,+0000.8007273656697648
+0000.0265481210815588,+0000.1711628712199339,+0000.8022890076985079
+0000.0263428157771859,+0000.1698186088057859,+0000.8038385754170287
+0000.0261390184430514,+0000.1684848241152449,+0000.8053761574417043
+0000.0259367203359911,+0000.1671614377867560,+0000.8069018418772534
+0000.0257359126918824,+0000.1658483709926896,+0000.8084157163154285
+0000.0255365867283709,+0000.1645455454377616,+0000.8099178678338680
+0000.0253387336475028,+0000.1632528833573909,+0000.8114083829951068
+0000.0251423446382666,+0000.1619703075159959,+0000.8128873478457379
+0000.0249474108790458,+0000.1606977412052338,+0000.8143548479157208
+0000.0247539235399864,+0000.1594351082421837,+0000.8158109682178302
+0000.0245618737852808,+0000.1581823329674777,+0000.8172557932472418
+0000.0243712527753704,+0000.1569393402433808,+0000.8186894069812491
+0000.0241820516690709,+0000.1557060554518226,+0000.8201118928791069
+0000.0239942616256204,+0000.1544824044923828,+0000.8215233338819972
+0000.0238078738066540,+0000.1532683137802333,+0000.8229238124131131
+0000.0236228793781071,+0000.1520637102440377,+0000.8243134103778555
+0000.0234392695120485,+0000.1508685213238111,+0000.8256922091641409
+0000.0232570353884465,+0000.1496826749687419,+0000.8270602896428121
+0000.0230761681968696,+0000.1485060996349778,+0000.8284177321681531
+0000.0228966591381234,+0000.1473387242833775,+0000.8297646165784995
+0000.0227184994258264,+0000.1461804783772291,+0000.8311010221969450
+0000.0225416802879253,+0000.1450312918799384,+0000.8324270278321368
+0000.0223661929681534,+0000.1438910952526883,+0000.8337427117791587
+0000.0221920287274320,+0000.1427598194520699,+0000.8350481518204984
+0000.0220191788452178,+0000.1416373959276877,+0000.8363434252270949
+0000.0218476346207971,+0000.1405237566197404,+0000.8376286087594629
+0000.0216773873745294,+0000.1394188339565790,+0000.8389037786688921
+0000.0215084284490406,+0000.1383225608522420,+0000.8401690106987177
+0000.0213407492103687,+0000.1372348707039719,+0000.8414243800856598
+0000.0211743410490625,+0000.1361556973897106,+0000.8426699615612273
+0000.0210091953812349,+0000.1350849752655795,+0000.8439058293531860
+0000.0208453036495729,+0000.1340226391633402,+0000.8451320571870873
+0000.0206826573243047,+0000.1329686243878422,+0000.8463487182878534
+0000.0205212479041255,+0000.1319228667144551,+0000.8475558853814198
+0000.0203610669170841,+0000.1308853023864877,+0000.8487536306964286
+0000.0202021059214296,+0000.1298558681125955,+0000.8499420259659753
+0000.0200443565064220,+0000.1288345010641767,+0000.8511211424294017
+0000.0198878102931057,+0000.1278211388727580,+0000.8522910508341367
+0000.0197324589350477,+0000.1268157196273723,+0000.8534518214375805
+0000.0195782941190423,+0000.1258181818719265,+0000.8546035240090317
+0000.0194253075657824,+0000.1248284646025636,+0000.8557462278316545
+0000.0192734910304989,+0000.1238465072650175,+0000.8568800017044841
+0000.0191228363035694,+0000.1228722497519627,+0000.8580049139444684
+0000.0189733352110966,+0000.1219056324003584,+0000.8591210323885455
+0000.0188249796154576,+0000.1209465959887898,+0000.8602284243957531
+0000.0186777614158259,+0000.1199950817348047,+0000.8613271568493699
+0000.0185316725486650,+0000.1190510312922492,+0000.8624172961590864
+0000.0183867049881964,+0000.1181143867486000,+0000.8634989082632042
+0000.0182428507468423,+0000.1171850906222964,+0000.8645720586308617
+0000.0181001018756431,+0000.1162630858600718,+0000.8656368122642855
+0000.0179584504646513,+0000.1153483158342850,+0000.8666932337010642
+0000.0178178886433022,+0000.1144407243402518,+0000.8677413870164465
+0000.0176784085807624,+0000.1135402555935790,+0000.8687813358256591
+0000.0175400024862567,+0000.1126468542274996,+0000.8698131432862443
+0000.0174026626093739,+0000.1117604652902099,+0000.8708368721004168
+0000.0172663812403524,+0000.1108810342422103,+0000.8718525845174379
+0000.0171311507103467,+0000.1100085069536493,+0000.8728603423360046
+0000.0169969633916740,+0000.1091428297016708,+0000.8738602069066557
+0000.0168638116980441,+0000.1082839491677668,+0000.8748522391341896
+0000.0167316880847696,+0000.1074318124351337,+0000.8758364994800971
+0000.0166005850489611,+0000.1065863669860347,+0000.8768130479650047
+0000.0164704951297041,+0000.1057475606991673,+0000.8777819441711291
+0000.0163414109082216,+0000.1049153418470372,+0000.8787432472447417
+0000.0162133250080197,+0000.1040896590933379,+0000.8796970158986428
+0000.0160862300950197,+0000.1032704614903381,+0000.8806433084146427
+0000.0159601188776748,+0000.1024576984762752,+0000.8815821826460505
+0000.0158349841070736,+0000.1016513198727566,+0000.8825136960201703
+0000.0157108185770302,+0000.1008512758821688,+0000.8834379055408015
+0000.0155876151241603,+0000.1000575170850949,+0000.8843548677907452
+0000.0154653666279468,+0000.0992699944377394,+0000.8852646389343143
+0000.0153440660107913,+0000.0984886592693627,+0000.8861672747198465
+0000.0152237062380553,+0000.0977134632797239,+0000.8870628304822212
+0000.0151042803180898,+0000.0969443585365328,+0000.8879513611453778
+0000.0149857813022542,+0000.0961812974729119,+0000.8888329212248344
+0000.0148682022849243,+0000.0954242328848666,+0000.8897075648302095
+0000.0147515364034910,+0000.0946731179287672,+0000.8905753456677422
+0000.0146357768383488,+0000.0939279061188391,+0000.8914363170428125
+0000.0145209168128755,+0000.0931885513246647,+0000.8922905318624602
+0000.0144069495934020,+0000.0924550077686946,+0000.8931380426379039
+0000.0142938684891743,+0000.0917272300237703,+0000.8939789014870558
+0000.0141816668523071,+0000.0910051730106574,+0000.8948131601370359
+0000.0140703380777290,+0000.0902887919955899,+0000.8956408699266816
+0000.0139598756031201,+0000.0895780425878250,+0000.8964620818090554
+0000.0138502729088424,+0000.0888728807372102,+0000.8972768463539478
+0000.0137415235178631,+0000.0881732627317612,+0000.8980852137503762
+0000.0136336209956704,+0000.0874791451952514,+0000.8988872338090786
+0000.0135265589501839,+0000.0867904850848133,+0000.8996829559650033
+0000.0134203310316572,+0000.0861072396885515,+0000.9004724292797918
+0000.0133149309325760,+0000.0854293666231676,+0000.9012557024442569
+0000.0132103523875489,+0000.0847568238315974,+0000.9020328237808541
+0000.0131065891731939,+0000.0840895695806600,+0000.9028038412461465
+0000.0130036351080185,+0000.0834275624587190,+0000.9035688024332630
+0000.0129014840522950,+0000.0827707613733563,+0000.9043277545743492
+0000.0128001299079315,+0000.0821191255490580,+0000.9050807445430110
+0000.0126995666183371,+0000.0814726145249129,+0000.9058278188567505
+0000.0125997881682834,+0000.0808311881523236,+0000.9065690236793934
+0000.0125007885837615,+0000.0801948065927298,+0000.9073044048235092
+0000.0124025619318343,+0000.0795634303153449,+0000.9080340077528213
+0000.0123051023204859,+0000.0789370200949044,+0000.9087578775846101
+0000.0122084038984663,+0000.0783155370094279,+0000.9094760590921062
+0000.0121124608551329,+0000.0776989424379935,+0000.9101885967068739
+0000.0120172674202888,+0000.0770871980585249,+0000.9108955345211867
+0000.0119228178640172,+0000.0764802658455915,+0000.9115969162903916
+0000.0118291064965130,+0000.0758781080682216,+0000.9122927854352657
+0000.0117361276679122,+0000.0752806872877281,+0000.9129831850443600
+0000.0116438757681167,+0000.0746879663555473,+0000.9136681578763363
+0000.0115523452266185,+0000.0740999084110909,+0000.9143477463622909
+0000.0114615305123195,+0000.0735164768796107,+0000.9150219926080700
+0000.0113714261333506,+0000.0729376354700765,+0000.9156909383965732
+0000.0112820266368869,+0000.0723633481730662,+0000.9163546251900471
+0000.0111933266089620,+0000.0717935792586707,+0000.9170130941323675
+0000.0111053206742799,+0000.0712282932744092,+0000.9176663860513110
+0000.0110180034960245,+0000.0706674550431605,+0000.9183145414608151
+0000.0109313697756678,+0000.0701110296611045,+0000.9189576005632279
+0000.0108454142527765,+0000.0695589824956784,+0000.9195956032515453
+0000.0107601317048169,+0000.0690112791835454,+0000.9202285891116380
+0000.0106755169469577,+0000.0684678856285765,+0000.9208565974244660
+0000.0105915648318725,+0000.0679287679998448,+0000.9214796671682829
+0000.0105082702495401,+0000.0673938927296333,+0000.9220978370208268
+0000.0104256281270443,+0000.0668632265114550,+0000.9227111453615008
+0000.0103436334283719,+0000.0663367362980871,+0000.9233196302735411
+0000.0102622811542104,+0000.0658143892996161,+0000.9239233295461737
+0000.0101815663417438,+0000.0652961529814977,+0000.9245222806767587
+0000.0101014840644489,+0000.0647819950626282,+0000.9251165208729230
+0000.0100220294318895,+0000.0642718835134298,+0000.9257060870546808
+0000.0099431975895106,+0000.0637657865539472,+0000.9262910158565423
+0000.0098649837184319,+0000.0632636726519584,+0000.9268713436296099
+0000.0097873830352405,+0000.0627655105210971,+0000.9274471064436626
+0000.0097103907917833,+0000.0622712691189885,+0000.9280183400892282
+0000.0096340022749592,+0000.0617809176453973,+0000.9285850800796436
+0000.0095582128065100,+0000.0612944255403883,+0000.9291473616531017
+0000.0094830177428122,+0000.0608117624824997,+0000.9297052197746881
+0000.0094084124746681,+0000.0603328983869286,+0000.9302586891384034
+0000.0093343924270959,+0000.0598578034037293,+0000.9308078041691747
+0000.0092609530591212,+0000.0593864479160240,+0000.9313525990248548
+0000.0091880898635669,+0000.0589188025382253,+0000.9318931075982079
+0000.0091157983668441,+0000.0584548381142717,+0000.9324293635188843
+0000.0090440741287427,+0000.0579945257158748,+0000.9329614001553825
+0000.0089729127422219,+0000.0575378366407793,+0000.9334892506169988
+0000.0089023098332008,+0000.0570847424110345,+0000.9340129477557647
+0000.0088322610603494,+0000.0566352147712786,+0000.9345325241683720
+0000.0087627621148800,+0000.0561892256870342,+0000.9350480121980858
+0000.0086938087203378,+0000.0557467473430169,+0000.9355594439366453
+0000.0086253966323930,+0000.0553077521414545,+0000.9360668512261523
+0000.0085575216386327,+0000.0548722127004198,+0000.9365702656609474
+0000.0084901795583526,+0000.0544401018521734,+0000.9370697185894739
+0000.0084233662423502,+0000.0540113926415196,+0000.9375652411161300
+0000.0083570775727177,+0000.0535860583241736,+0000.9380568641031086
+0000.0082913094626349,+0000.0531640723651402,+0000.9385446181722247
+0000.0082260578561641,+0000.0527454084371045,+0000.9390285337067312
+0000.0081613187280436,+0000.0523300404188336,+0000.9395086408531226
+0000.0080970880834834,+0000.0519179423935908,+0000.9399849695229257
+0000.0080333619579600,+0000.0515090886475597,+0000.9404575493944801
+0000.0079701364170135,+0000.0511034536682812,+0000.9409264099147052
+0000.0079074075560432,+0000.0507010121431009,+0000.9413915803008558
+0000.0078451715001059,+0000.0503017389576281,+0000.9418530895422659
+0000.0077834244037134,+0000.0499056091942060,+0000.9423109664020805
+0000.0077221624506314,+0000.0495125981303928,+0000.9427652394189756
+0000.0076613818536789,+0000.0491226812374541,+0000.9432159369088668
+0000.0076010788545281,+0000.0487358341788663,+0000.9436630869666054
+0000.0075412497235055,+0000.0483520328088310,+0000.9441067174676633
+0000.0074818907593936,+0000.0479712531707998,+0000.9445468560698064
+0000.0074229982892329,+0000.0475934714960109,+0000.9449835302147560
+0000.0073645686681256,+0000.0472186642020352,+0000.9454167671298389
+0000.0073065982790390,+0000.0468468078913346,+0000.9458465938296261
+0000.0072490835326109,+0000.0464778793498293,+0000.9462730371175596
+0000.0071920208669548,+0000.0461118555454770,+0000.9466961235875681
+0000.0071354067474667,+0000.0457487136268620,+0000.9471158796256711
+0000.0070792376666323,+0000.0453884309217949,+0000.9475323314115727
+0000.0070235101438353,+0000.0450309849359225,+0000.9479455049202421
+0000.0069682207251665,+0000.0446763533513483,+0000.9483554259234851
+0000.0069133659832339,+0000.0443245140252632,+0000.9487621199915028
+0000.0068589425169736,+0000.0439754449885860,+0000.9491656124944403
+0000.0068049469514614,+0000.0436291244446148,+0000.9495659286039236
+0000.0067513759377262,+0000.0432855307676877,+0000.9499630932945859
+0000.0066982261525630,+0000.0429446425018540,+0000.9503571313455828
+0000.0066454942983480,+0000.0426064383595553,+0000.9507480673420965
+0000.0065931771028541,+0000.0422708972203158,+0000.9511359256768298
+0000.0065412713190676,+0000.0419379981294438,+0000.9515207305514883
+0000.0064897737250054,+0000.0416077202967415,+0000.9519025059782528
+0000.0064386811235339,+0000.0412800430952254,+0000.9522812757812404
+0000.0063879903421882,+0000.0409549460598558,+0000.9526570635979557
+0000.0063376982329927,+0000.0406324088862767,+0000.9530298928807304
+0000.0062878016722826,+0000.0403124114295638,+0000.9533997868981533
+0000.0062382975605263,+0000.0399949337029836,+0000.9537667687364899
+0000.0061891828221488,+0000.0396799558767601,+0000.9541308613010908
+0000.0061404544053562,+0000.0393674582768529,+0000.9544920873177907
+0000.0060921092819611,+0000.0390574213837422,+0000.9548504693342964
+0000.0060441444472092,+0000.0387498258312252,+0000.9552060297215653
+0000.0059965569196067,+0000.0384446524052200,+0000.9555587906751731
+0000.0059493437407485,+0000.0381418820425794,+0000.9559087742166718
+0000.0059025019751484,+0000.0378414958299137,+0000.9562560021949376
+0000.0058560287100687,+0000.0375434750024218,+0000.9566004962875091
+0000.0058099210553525,+0000.0372478009427321,+0000.9569422780019150
+0000.0057641761432557,+0000.0369544551797515,+0000.9572813686769924
+0000.0057187911282811,+0000.0366634193875232,+0000.9576177894841953
+0000.0056737631870123,+0000.0363746753840942,+0000.9579515614288930
+0000.0056290895179501,+0000.0360882051303896,+0000.9582827053516598
+0000.0055847673413484,+0000.0358039907290975,+0000.9586112419295536
+0000.0055407938990522,+0000.0355220144235609,+0000.9589371916773863
+0000.0054971664543365,+0000.0352422585966788,+0000.9592605749489842
+0000.0054538822917452,+0000.0349647057698157,+0000.9595814119384386
+0000.0054109387169329,+0000.0346893386017189,+0000.9598997226813477
+0000.0053683330565056,+0000.0344161398874448,+0000.9602155270560491
+0000.0053260626578639,+0000.0341450925572931,+0000.9605288447848425
+0000.0052841248890470,+0000.0338761796757490,+0000.9608396954352035
+0000.0052425171385769,+0000.0336093844404336,+0000.9611480984209890
+0000.0052012368153045,+0000.0333446901810628,+0000.9614540730036322
+0000.0051602813482564,+0000.0330820803584135,+0000.9617576382933295
+0000.0051196481864828,+0000.0328215385632983,+0000.9620588132502184
+0000.0050793347989057,+0000.0325630485155478,+0000.9623576166855460
+0000.0050393386741696,+0000.0323065940630005,+0000.9626540672628294
+0000.0049996573204915,+0000.0320521591805012,+0000.9629481834990068
+0000.0049602882655133,+0000.0317997279689065,+0000.9632399837655797
+0000.0049212290561541,+0000.0315492846540979,+0000.9635294862897474
+0000.0048824772584644,+0000.0313008135860033,+0000.9638167091555317
+0000.0048440304574807,+0000.0310542992376247,+0000.9641016703048941
+0000.0048058862570811,+0000.0308097262040749,+0000.9643843875388436
+0000.0047680422798423,+0000.0305670792016205,+0000.9646648785185367
+0000.0047304961668975,+0000.0303263430667329,+0000.9649431607663692
+0000.0046932455777944,+0000.0300875027551462,+0000.9652192516670590
+0000.0046562881903556,+0000.0298505433409229,+0000.9654931684687210
+0000.0046196217005391,+0000.0296154500155265,+0000.9657649282839340
+0000.0045832438222993,+0000.0293822080869009,+0000.9660345480907994
+0000.0045471522874506,+0000.0291508029785580,+0000.9663020447339910
+0000.0045113448455301,+0000.0289212202286710,+0000.9665674349257984
+0000.0044758192636624,+0000.0286934454891760,+0000.9668307352471611
+0000.0044405733264250,+0000.0284674645248797,+0000.9670919621486948
+0000.0044056048357148,+0000.0282432632125742,+0000.9673511319517105
+0000.0043709116106151,+0000.0280208275401588,+0000.9676082608492256
+0000.0043364914872643,+0000.0278001436057687,+0000.9678633649069665
+0000.0043023423187248,+0000.0275811976169103,+0000.9681164600643645
+0000.0042684619748530,+0000.0273639758896028,+0000.9683675621355436
+0000.0042348483421708,+0000.0271484648475276,+0000.9686166868103011
+0000.0042014993237371,+0000.0269346510211830,+0000.9688638496550794
+0000.0041684128390210,+0000.0267225210470462,+0000.9691090661139324
+0000.0041355868237753,+0000.0265120616667417,+0000.9693523515094825
+0000.0041030192299117,+0000.0263032597262164,+0000.9695937210438715
+0000.0040707080253756,+0000.0260961021749203,+0000.9698331897997038
+0000.0040386511940234,+0000.0258905760649943,+0000.9700707727409819
+0000.0040068467354995,+0000.0256866685504644,+0000.9703064847140357
+0000.0039752926651146,+0000.0254843668864416,+0000.9705403404484434
+0000.0039439870137249,+0000.0252836584283283,+0000.9707723545579464
+0000.0039129278276121,+0000.0250845306310311,+0000.9710025415413565
+0000.0038821131683643,+0000.0248869710481793,+0000.9712309157834560
+0000.0038515411127580,+0000.0246909673313499,+0000.9714574915558917
+0000.0038212097526405,+0000.0244965072292982,+0000.9716822830180609
+0000.0037911171948133,+0000.0243035785871949,+0000.9719053042179914
+0000.0037612615609168,+0000.0241121693458688,+0000.9721265690932139
+0000.0037316409873153,+0000.0239222675410553,+0000.9723460914716289
+0000.0037022536249832,+0000.0237338613026512,+0000.9725638850723651
+0000.0036730976393915,+0000.0235469388539748,+0000.9727799635066332
+0000.0036441712103960,+0000.0233614885110323,+0000.9729943402785711
+0000.0036154725321257,+0000.0231774986817894,+0000.9732070287860842
+0000.0035869998128720,+0000.0229949578654492,+0000.9734180423216782
+0000.0035587512749791,+0000.0228138546517347,+0000.9736273940732856
+0000.0035307251547350,+0000.0226341777201783,+0000.9738350971250862
+0000.0035029197022630,+0000.0224559158394156,+0000.9740411644583208
+0000.0034753331814150,+0000.0222790578664855,+0000.9742456089520989
+0000.0034479638696642,+0000.0221035927461355,+0000.9744484433841997
+0000.0034208100579998,+0000.0219295095101321,+0000.9746496804318675
+0000.0033938700508217,+0000.0217567972765772,+0000.9748493326726004
+0000.0033671421658366,+0000.0215854452492297,+0000.9750474125849330
+0000.0033406247339545,+0000.0214154427168319,+0000.9752439325492130
+0000.0033143160991856,+0000.0212467790524415,+0000.9754389048483723
+0000.0032882146185392,+0000.0210794437127693,+0000.9756323416686908
+0000.0032623186619219,+0000.0209134262375212,+0000.9758242551005563
+0000.0032366266120376,+0000.0207487162487457,+0000.9760146571392160
+0000.0032111368642880,+0000.0205853034501871,+0000.9762035596855242
+0000.0031858478266733,+0000.0204231776266426,+0000.9763909745466834
+0000.0031607579196945,+0000.0202623286433255,+0000.9765769134369794
+0000.0031358655762558,+0000.0201027464452327,+0000.9767613879785108
+0000.0031111692415683,+0000.0199444210565175,+0000.9769444097019134
+0000.0030866673730537,+0000.0197873425798673,+0000.9771259900470783
+0000.0030623584402492,+0000.0196315011958858,+0000.9773061403638643
+0000.0030382409247133,+0000.0194768871624804,+0000.9774848719128055
+0000.0030143133199320,+0000.0193234908142547,+0000.9776621958658126
+0000.0029905741312255,+0000.0191713025619046,+0000.9778381233068693
+0000.0029670218756561,+0000.0190203128916206,+0000.9780126652327227
+0000.0029436550819366,+0000.0188705123644938,+0000.9781858325535691
+0000.0029204722903394,+0000.0187218916159266,+0000.9783576360937335
+0000.0028974720526059,+0000.0185744413550489,+0000.9785280865923447
+0000.0028746529318577,+0000.0184281523641373,+0000.9786971947040045
+0000.0028520135025069,+0000.0182830154980406,+0000.9788649709994519
+0000.0028295523501686,+0000.0181390216836085,+0000.9790314259662223
+0000.0028072680715730,+0000.0179961619191255,+0000.9791965700093009
+0000.0027851592744785,+0000.0178544272737489,+0000.9793604134517720
+0000.0027632245775861,+0000.0177138088869510,+0000.9795229665354623
+0000.0027414626104530,+0000.0175742979679667,+0000.9796842394215798
+0000.0027198720134086,+0000.0174358857952438,+0000.9798442421913471
+0000.0026984514374696,+0000.0172985637158993,+0000.9800029848466306
+0000.0026771995442571,+0000.0171623231451788,+0000.9801604773105638
+0000.0026561150059128,+0000.0170271555659203,+0000.9803167294281665
+0000.0026351965050176,+0000.0168930525280229,+0000.9804717509669590
+0000.0026144427345095,+0000.0167600056479190,+0000.9806255516175710
+0000.0025938523976025,+0000.0166280066080507,+0000.9807781409943463
+0000.0025734242077064,+0000.0164970471563506,+0000.9809295286359426
+0000.0025531568883468,+0000.0163671191057264,+0000.9810797240059265
+0000.0025330491730862,+0000.0162382143335497,+0000.9812287364933637
+0000.0025130998054452,+0000.0161103247811489,+0000.9813765754134056
+0000.0024933075388246,+0000.0159834424533057,+0000.9815232500078694
+0000.0024736711364280,+0000.0158575594177559,+0000.9816687694458157
+0000.0024541893711852,+0000.0157326678046943,+0000.9818131428241201
+0000.0024348610256758,+0000.0156087598062827,+0000.9819563791680410
+0000.0024156848920538,+0000.0154858276761627,+0000.9820984874317830
+0000.0023966597719725,+0000.0153638637289717,+0000.9822394764990554
+0000.0023777844765099,+0000.0152428603398627,+0000.9823793551836270
+0000.0023590578260953,+0000.0151228099440286,+0000.9825181322298756
+0000.0023404786504356,+0000.0150037050362293,+0000.9826558163133347
+0000.0023220457884428,+0000.0148855381703229,+0000.9827924160412338
+0000.0023037580881619,+0000.0147683019588007,+0000.9829279399530368
+0000.0022856144066990,+0000.0146519890723260,+0000.9830623965209745
+0000.0022676136101506,+0000.0145365922392757,+0000.9831957941505732
+0000.0022497545735329,+0000.0144221042452866,+0000.9833281411811801
+0000.0022320361807120,+0000.0143085179328045,+0000.9834594458864832
+0000.0022144573243345,+0000.0141958262006370,+0000.9835897164750282
+0000.0021970169057583,+0000.0140840220035101,+0000.9837189610907313
+0000.0021797138349849,+0000.0139730983516282,+0000.9838471878133868
+0000.0021625470305910,+0000.0138630483102367,+0000.9839744046591722
+0000.0021455154196615,+0000.0137538649991898,+0000.9841006195811485
+0000.0021286179377230,+0000.0136455415925199,+0000.9842258404697569
+0000.0021118535286768,+0000.0135380713180114,+0000.9843500751533116
+0000.0020952211447341,+0000.0134314474567776,+0000.9844733313984880
+0000.0020787197463503,+0000.0133256633428412,+0000.9845956169108083
+0000.0020623483021601,+0000.0132207123627171,+0000.9847169393351226
+0000.0020461057889139,+0000.0131165879550001,+0000.9848373062560858
+0000.0020299911914135,+0000.0130132836099542,+0000.9849567251986320
+0000.0020140035024494,+0000.0129107928691064,+0000.9850752036284439
+0000.0019981417227377,+0000.0128091093248426,+0000.9851927489524194
+0000.0019824048608582,+0000.0127082266200079,+0000.9853093685191335
+0000.0019667919331923,+0000.0126081384475090,+0000.9854250696192983
+0000.0019513019638620,+0000.0125088385499201,+0000.9855398594862176
+0000.0019359339846692,+0000.0124103207190918,+0000.9856537452962386
+0000.0019206870350351,+0000.0123125787957638,+0000.9857667341692008
+0000.0019055601619405,+0000.0122156066691791,+0000.9858788331688800
+0000.0018905524198666,+0000.0121193982767030,+0000.9859900493034300
+0000.0018756628707357,+0000.0120239476034438,+0000.9861003895258201
+0000.0018608905838531,+0000.0119292486818770,+0000.9862098607342695
+0000.0018462346358491,+0000.0118352955914724,+0000.9863184697726781
+0000.0018316941106212,+0000.0117420824583243,+0000.9864262234310541
+0000.0018172680992773,+0000.0116496034547841,+0000.9865331284459383
+0000.0018029557000786,+0000.0115578527990965,+0000.9866391915008246
+0000.0017887560183840,+0000.0114668247550381,+0000.9867444192265776
+0000.0017746681665940,+0000.0113765136315584,+0000.9868488182018472
+0000.0017606912640954,+0000.0112869137824252,+0000.9869523949534792
+0000.0017468244372062,+0000.0111980196058706,+0000.9870551559569229
+0000.0017330668191216,+0000.0111098255442418,+0000.9871571076366363
+0000.0017194175498596,+0000.0110223260836532,+0000.9872582563664869
+0000.0017058757762074,+0000.0109355157536423,+0000.9873586084701500
+0000.0016924406516685,+0000.0108493891268273,+0000.9874581702215040
+0000.0016791113364093,+0000.0107639408185682,+0000.9875569478450221
+0000.0016658869972074,+0000.0106791654866305,+0000.9876549475161617
+0000.0016527668073994,+0000.0105950578308508,+0000.9877521753617494
+0000.0016397499468289,+0000.0105116125928059,+0000.9878486374603648
+0000.0016268356017962,+0000.0104288245554840,+0000.9879443398427193
+0000.0016140229650067,+0000.0103466885429588,+0000.9880392884920340
+0000.0016013112355211,+0000.0102651994200659,+0000.9881334893444125
+0000.0015886996187053,+0000.0101843520920818,+0000.9882269482892124
+0000.0015761873261805,+0000.0101041415044057,+0000.9883196711694132
+0000.0015637735757747,+0000.0100245626422433,+0000.9884116637819815
+0000.0015514575914730,+0000.0099456105302935,+0000.9885029318782330
+0000.0015392386033702,+0000.0098672802324375,+0000.9885934811641919
+0000.0015271158476218,+0000.0097895668514301,+0000.9886833173009477
+0000.0015150885663969,+0000.0097124655285938,+0000.9887724459050088
+0000.0015031560078310,+0000.0096359714435152,+0000.9888608725486534
+0000.0014913174259785,+0000.0095600798137432,+0000.9889486027602780
+0000.0014795720807667,+0000.0094847858944906,+0000.9890356420247423
+0000.0014679192379495,+0000.0094100849783375,+0000.9891219957837126
+0000.0014563581690613,+0000.0093359723949366,+0000.9892076694360017
+0000.0014448881513719,+0000.0092624435107220,+0000.9892926683379057
+0000.0014335084678411,+0000.0091894937286188,+0000.9893769978035397
+0000.0014222184070741,+0000.0091171184877563,+0000.9894606631051692
+0000.0014110172632771,+0000.0090453132631828,+0000.9895436694735398
+0000.0013999043362130,+0000.0089740735655827,+0000.9896260220982039
+0000.0013888789311583,+0000.0089033949409957,+0000.9897077261278456
+0000.0013779403588588,+0000.0088332729705389,+0000.9897887866706019
+0000.0013670879354876,+0000.0087637032701301,+0000.9898692087943819
+0000.0013563209826015,+0000.0086946814902141,+0000.9899489975271841
+0000.0013456388270991,+0000.0086262033154903,+0000.9900281578574102
+0000.0013350408011790,+0000.0085582644646438,+0000.9901066947341768
+0000.0013245262422975,+0000.0084908606900769,+0000.9901846130676251
+0000.0013140944931277,+0000.0084239877776444,+0000.9902619177292274
+0000.0013037449015183,+0000.0083576415463893,+0000.9903386135520920
+0000.0012934768204528,+0000.0082918178482823,+0000.9904147053312644
+0000.0012832896080092,+0000.0082265125679620,+0000.9904901978240283
+0000.0012731826273201,+0000.0081617216224778,+0000.9905650957502017
+0000.0012631552465324,+0000.0080974409610345,+0000.9906394037924326
+0000.0012532068387685,+0000.0080336665647394,+0000.9907131265964917
+0000.0012433367820865,+0000.0079703944463509,+0000.9907862687715622
+0000.0012335444594420,+0000.0079076206500292,+0000.9908588348905284
+0000.0012238292586490,+0000.0078453412510891,+0000.9909308294902615
+0000.0012141905723420,+0000.0077835523557548,+0000.9910022570719028
+0000.0012046277979380,+0000.0077222501009160,+0000.9910731221011456
+0000.0011951403375988,+0000.0076614306538871,+0000.9911434290085137
+0000.0011857275981938,+0000.0076010902121671,+0000.9912131821896388
+0000.0011763889912626,+0000.0075412250032020,+0000.9912823860055351
+0000.0011671239329789,+0000.0074818312841491,+0000.9913510447828717
+0000.0011579318441132,+0000.0074229053416430,+0000.9914191628142435
+0000.0011488121499974,+0000.0073644434915634,+0000.9914867443584390
+0000.0011397642804883,+0000.0073064420788046,+0000.9915537936407068
+0000.0011307876699323,+0000.0072488974770477,+0000.9916203148530197
+0000.0011218817571303,+0000.0071918060885328,+0000.9916863121543366
+0000.0011130459853019,+0000.0071351643438353,+0000.9917517896708625
+0000.0011042798020513,+0000.0070789687016418,+0000.9918167514963067
+0000.0010955826593325,+0000.0070232156485293,+0000.9918812016921379
+0000.0010869540134152,+0000.0069679016987453,+0000.9919451442878392
+0000.0010783933248506,+0000.0069130233939899,+0000.9920085832811592
+0000.0010699000584381,+0000.0068585773031997,+0000.9920715226383618
+0000.0010614736831913,+0000.0068045600223334,+0000.9921339662944750
+0000.0010531136723054,+0000.0067509681741585,+0000.9921959181535358
+0000.0010448195031238,+0000.0066977984080410,+0000.9922573820888348
+0000.0010365906571059,+0000.0066450473997352,+0000.9923183619431586
+0000.0010284266197943,+0000.0065927118511761,+0000.9923788615290292
+0000.0010203268807829,+0000.0065407884902736,+0000.9924388846289431
+0000.0010122909336850,+0000.0064892740707072,+0000.9924984349956074
+0000.0010043182761014,+0000.0064381653717239,+0000.9925575163521744
+0000.0009964084095895,+0000.0063874591979360,+0000.9926161323924741
+0000.0009885608396316,+0000.0063371523791222,+0000.9926742867812459
+0000.0009807750756043,+0000.0062872417700286,+0000.9927319831543667
+0000.0009730506307481,+0000.0062377242501727,+0000.9927892251190789
+0000.0009653870221363,+0000.0061885967236479,+0000.9928460162542154
+0000.0009577837706454,+0000.0061398561189304,+0000.9929023601104239
+0000.0009502404009250,+0000.0060914993886865,+0000.9929582602103881
+0000.0009427564413681,+0000.0060435235095829,+0000.9930137200490488
+0000.0009353314240815,+0000.0059959254820969,+0000.9930687430938213
+0000.0009279648848567,+0000.0059487023303296,+0000.9931233327848135
+0000.0009206563631408,+0000.0059018511018193,+0000.9931774925350396
+0000.0009134054020080,+0000.0058553688673572,+0000.9932312257306345
+0000.0009062115481306,+0000.0058092527208044,+0000.9932845357310648
+0000.0008990743517510,+0000.0057634997789097,+0000.9933374258693390
+0000.0008919933666534,+0000.0057181071811300,+0000.9933898994522163
+0000.0008849681501361,+0000.0056730720894509,+0000.9934419597604128
+0000.0008779982629836,+0000.0056283916882096,+0000.9934936100488065
+0000.0008710832694395,+0000.0055840631839189,+0000.9935448535466413
+0000.0008642227371789,+0000.0055400838050923,+0000.9935956934577286
+0000.0008574162372815,+0000.0054964508020710,+0000.9936461329606472
+0000.0008506633442050,+0000.0054531614468519,+0000.9936961752089428
+0000.0008439636357583,+0000.0054102130329168,+0000.9937458233313247
+0000.0008373166930749,+0000.0053676028750637,+0000.9937950804318612
+0000.0008307221005872,+0000.0053253283092385,+0000.9938439495901740
+0000.0008241794460004,+0000.0052833866923686,+0000.9938924338616306
+0000.0008176883202664,+0000.0052417754021979,+0000.9939405362775354
+0000.0008112483175586,+0000.0052004918371222,+0000.9939882598453189
+0000.0008048590352463,+0000.0051595334160273,+0000.9940356075487261
+0000.0007985200738697,+0000.0051188975781271,+0000.9940825823480027
+0000.0007922310371150,+0000.0050785817828040,+0000.9941291871800806
+0000.0007859915317892,+0000.0050385835094495,+0000.9941754249587609
+0000.0007798011677962,+0000.0049989002573070,+0000.9942212985748965
+0000.0007736595581116,+0000.0049595295453153,+0000.9942668108965728
+0000.0007675663187595,+0000.0049204689119535,+0000.9943119647692867
+0000.0007615210687874,+0000.0048817159150872,+0000.9943567630161251
+0000.0007555234302433,+0000.0048432681318159,+0000.9944012084379404
+0000.0007495730281517,+0000.0048051231583210,+0000.9944453038135269
+0000.0007436694904900,+0000.0047672786097164,+0000.9944890518997933
+0000.0007378124481655,+0000.0047297321198984,+0000.9945324554319357
+0000.0007320015349925,+0000.0046924813413987,+0000.9945755171236085
+0000.0007262363876688,+0000.0046555239452368,+0000.9946182396670941
+0000.0007205166457536,+0000.0046188576207752,+0000.9946606257334709
+0000.0007148419516446,+0000.0045824800755743,+0000.9947026779727808
+0000.0007092119505559,+0000.0045463890352494,+0000.9947443990141943
+0000.0007036262904958,+0000.0045105822433283,+0000.9947857914661755
+0000.0006980846222443,+0000.0044750574611106,+0000.9948268579166447
+0000.0006925865993321,+0000.0044398124675273,+0000.9948676009331402
+0000.0006871318780184,+0000.0044048450590022,+0000.9949080230629791
+0000.0006817201172694,+0000.0043701530493140,+0000.9949481268334163
+0000.0006763509787372,+0000.0043357342694598,+0000.9949879147518027
+0000.0006710241267386,+0000.0043015865675193,+0000.9950273893057419
+0000.0006657392282340,+0000.0042677078085204,+0000.9950665529632453
+0000.0006604959528068,+0000.0042340958743055,+0000.9951054081728874
+0000.0006552939726425,+0000.0042007486633994,+0000.9951439573639578
+0000.0006501329625083,+0000.0041676640908778,+0000.9951822029466136
+0000.0006450125997328,+0000.0041348400882367,+0000.9952201473120302
+0000.0006399325641860,+0000.0041022746032634,+0000.9952577928325504
+0000.0006348925382588,+0000.0040699655999080,+0000.9952951418618330
+0000.0006298922068438,+0000.0040379110581564,+0000.9953321967349997
+0000.0006249312573148,+0000.0040061089739035,+0000.9953689597687816
+0000.0006200093795082,+0000.0039745573588284,+0000.9954054332616633
+0000.0006151262657028,+0000.0039432542402697,+0000.9954416194940274
+0000.0006102816106009,+0000.0039121976611026,+0000.9954775207282963
+0000.0006054751113095,+0000.0038813856796160,+0000.9955131392090742
+0000.0006007064673208,+0000.0038508163693916,+0000.9955484771632874
+0000.0005959753804937,+0000.0038204878191832,+0000.9955835368003230
+0000.0005912815550352,+0000.0037903981327973,+0000.9956183203121673
+0000.0005866246974818,+0000.0037605454289744,+0000.9956528298735436
+0000.0005820045166813,+0000.0037309278412716,+0000.9956870676420470
+0000.0005774207237745,+0000.0037015435179458,+0000.9957210357582796
+0000.0005728730321771,+0000.0036723906218378,+0000.9957547363459850
+0000.0005683611575619,+0000.0036434673302578,+0000.9957881715121802
+0000.0005638848178409,+0000.0036147718348710,+0000.9958213433472881
+0000.0005594437331476,+0000.0035863023415848,+0000.9958542539252675
+0000.0005550376258200,+0000.0035580570704368,+0000.9958869053037431
+0000.0005506662203825,+0000.0035300342554831,+0000.9959192995241344
+0000.0005463292435293,+0000.0035022321446881,+0000.9959514386117826
+0000.0005420264241070,+0000.0034746489998149,+0000.9959833245760781
+0000.0005377574930975,+0000.0034472830963170,+0000.9960149594105854
+0000.0005335221836019,+0000.0034201327232299,+0000.9960463450931681
+0000.0005293202308227,+0000.0033931961830643,+0000.9960774835861128
+0000.0005251513720484,+0000.0033664717917004,+0000.9961083768362510
+0000.0005210153466362,+0000.0033399578782820,+0000.9961390267750816
+0000.0005169118959962,+0000.0033136527851124,+0000.9961694353188912
+0000.0005128407635750,+0000.0032875548675507,+0000.9961996043688741
+0000.0005088016948398,+0000.0032616624939089,+0000.9962295358112512
+0000.0005047944372624,+0000.0032359740453499,+0000.9962592315173876
+0000.0005008187403034,+0000.0032104879157864,+0000.9962886933439101
+0000.0004968743553966,+0000.0031852025117804,+0000.9963179231328230
+0000.0004929610359335,+0000.0031601162524434,+0000.9963469227116231
+0000.0004890785372477,+0000.0031352275693381,+0000.9963756938934142
+0000.0004852266165999,+0000.0031105349063797,+0000.9964042384770204
+0000.0004814050331624,+0000.0030860367197389,+0000.9964325582470988
+0000.0004776135480042,+0000.0030617314777455,+0000.9964606549742503
+0000.0004738519240761,+0000.0030376176607925,+0000.9964885304151314
+0000.0004701199261960,+0000.0030136937612409,+0000.9965161863125631
+0000.0004664173210336,+0000.0029899582833260,+0000.9965436243956404
+0000.0004627438770968,+0000.0029664097430633,+0000.9965708463798399
+0000.0004590993647162,+0000.0029430466681559,+0000.9965978539671280
+0000.0004554835560314,+0000.0029198675979026,+0000.9966246488460661
+0000.0004518962249768,+0000.0028968710831065,+0000.9966512326919168
+0000.0004483371472668,+0000.0028740556859843,+0000.9966776071667490
+0000.0004448061003825,+0000.0028514199800765,+0000.9967037739195411
+0000.0004413028635575,+0000.0028289625501582,+0000.9967297345862844
+0000.0004378272177641,+0000.0028066819921506,+0000.9967554907900855
+0000.0004343789456994,+0000.0027845769130333,+0000.9967810441412674
+0000.0004309578317722,+0000.0027626459307570,+0000.9968063962374709
+0000.0004275636620891,+0000.0027408876741573,+0000.9968315486637537
+0000.0004241962244414,+0000.0027193007828688,+0000.9968565029926899
+0000.0004208553082915,+0000.0026978839072405,+0000.9968812607844683
+0000.0004175407047601,+0000.0026766357082505,+0000.9969058235869896
+0000.0004142522066130,+0000.0026555548574233,+0000.9969301929359640
+0000.0004109896082480,+0000.0026346400367462,+0000.9969543703550061
+0000.0004077527056824,+0000.0026138899385868,+0000.9969783573557311
+0000.0004045412965398,+0000.0025933032656116,+0000.9970021554378489
+0000.0004013551800377,+0000.0025728787307047,+0000.9970257660892577
+0000.0003981941569751,+0000.0025526150568874,+0000.9970491907861376
+0000.0003950580297198,+0000.0025325109772381,+0000.9970724309930423
+0000.0003919466021959,+0000.0025125652348135,+0000.9970954881629908
+0000.0003888596798719,+0000.0024927765825698,+0000.9971183637375585
+0000.0003857970697486,+0000.0024731437832846,+0000.9971410591469670
+0000.0003827585803464,+0000.0024536656094799,+0000.9971635758101739
+0000.0003797440216941,+0000.0024343408433449,+0000.9971859151349611
+0000.0003767532053166,+0000.0024151682766605,+0000.9972080785180232
+0000.0003737859442230,+0000.0023961467107229,+0000.9972300673450544
+0000.0003708420528954,+0000.0023772749562694,+0000.9972518829908354
+0000.0003679213472768,+0000.0023585518334038,+0000.9972735268193197
+0000.0003650236447598,+0000.0023399761715225,+0000.9972950001837180
+0000.0003621487641753,+0000.0023215468092415,+0000.9973163044265835
+0000.0003592965257810,+0000.0023032625943235,+0000.9973374408798957
+0000.0003564667512502,+0000.0022851223836064,+0000.9973584108651437
+0000.0003536592636605,+0000.0022671250429313,+0000.9973792156934084
+0000.0003508738874833,+0000.0022492694470717,+0000.9973998566654452
+0000.0003481104485721,+0000.0022315544796634,+0000.9974203350717646
+0000.0003453687741522,+0000.0022139790331344,+0000.9974406521927136
+0000.0003426486928092,+0000.0021965420086359,+0000.9974608092985550
+0000.0003399500344793,+0000.0021792423159734,+0000.9974808076495473
+0000.0003372726304378,+0000.0021620788735388,+0000.9975006484960235
+0000.0003346163132887,+0000.0021450506082424,+0000.9975203330784690
+0000.0003319809169546,+0000.0021281564554461,+0000.9975398626275994
+0000.0003293662766661,+0000.0021113953588967,+0000.9975592383644373
+0000.0003267722289515,+0000.0020947662706600,+0000.9975784615003886
+0000.0003241986116263,+0000.0020782681510551,+0000.9975975332373187
+0000.0003216452637838,+0000.0020618999685895,+0000.9976164547676268
+0000.0003191120257841,+0000.0020456606998947,+0000.9976352272743213
+0000.0003165987392449,+0000.0020295493296620,+0000.9976538519310931
+0000.0003141052470313,+0000.0020135648505793,+0000.9976723299023895
+0000.0003116313932458,+0000.0019977062632676,+0000.9976906623434867
+0000.0003091770232188,+0000.0019819725762194,+0000.9977088504005619
+0000.0003067419834988,+0000.0019663628057357,+0000.9977268952107655
+0000.0003043261218430,+0000.0019508759758653,+0000.9977447979022916
+0000.0003019292872076,+0000.0019355111183433,+0000.9977625595944491
+0000.0002995513297382,+0000.0019202672725309,+0000.9977801813977311
+0000.0002971921007608,+0000.0019051434853548,+0000.9977976644138844
+0000.0002948514527724,+0000.0018901388112485,+0000.9978150097359791
+0000.0002925292394316,+0000.0018752523120923,+0000.9978322184484762
+0000.0002902253155495,+0000.0018604830571550,+0000.9978492916272956
+0000.0002879395370809,+0000.0018458301230359,+0000.9978662303398833
+0000.0002856717611148,+0000.0018312925936068,+0000.9978830356452785
+0000.0002834218458659,+0000.0018168695599549,+0000.9978997085941793
+0000.0002811896506656,+0000.0018025601203256,+0000.9979162502290089
+0000.0002789750359532,+0000.0017883633800667,+0000.9979326615839801
+0000.0002767778632671,+0000.0017742784515721,+0000.9979489436851608
+0000.0002745979952361,+0000.0017603044542263,+0000.9979650975505376
+0000.0002724352955711,+0000.0017464405143494,+0000.9979811241900796
+0000.0002702896290564,+0000.0017326857651425,+0000.9979970246058012
+0000.0002681608615409,+0000.0017190393466337,+0000.9980127997918254
+0000.0002660488599306,+0000.0017055004056238,+0000.9980284507344457
+0000.0002639534921792,+0000.0016920680956335,+0000.9980439784121874
+0000.0002618746272808,+0000.0016787415768502,+0000.9980593837958691
+0000.0002598121352609,+0000.0016655200160756,+0000.9980746678486636
+0000.0002577658871690,+0000.0016524025866735,+0000.9980898315261576
+0000.0002557357550700,+0000.0016393884685182,+0000.9981048757764119
+0000.0002537216120365,+0000.0016264768479433,+0000.9981198015400204
+0000.0002517233321406,+0000.0016136669176905,+0000.9981346097501691
+0000.0002497407904463,+0000.0016009578768597,+0000.9981493013326942
+0000.0002477738630017,+0000.0015883489308582,+0000.9981638772061403
+0000.0002458224268309,+0000.0015758392913517,+0000.9981783382818176
+0000.0002438863599266,+0000.0015634281762147,+0000.9981926854638589
+0000.0002419655412426,+0000.0015511148094815,+0000.9982069196492761
+0000.0002400598506858,+0000.0015388984212978,+0000.9982210417280166
+0000.0002381691691090,+0000.0015267782478727,+0000.9982350525830185
+0000.0002362933783034,+0000.0015147535314307,+0000.9982489530902660
+0000.0002344323609914,+0000.0015028235201645,+0000.9982627441188442
+0000.0002325860008187,+0000.0014909874681881,+0000.9982764265309934
+0000.0002307541823475,+0000.0014792446354896,+0000.9982900011821629
+0000.0002289367910495,+0000.0014675942878857,+0000.9983034689210649
+0000.0002271337132979,+0000.0014560356969753,+0000.9983168305897270
+0000.0002253448363611,+0000.0014445681400941,+0000.9983300870235450
+0000.0002235700483954,+0000.0014331909002695,+0000.9983432390513354
+0000.0002218092384378,+0000.0014219032661754,+0000.9983562874953870
+0000.0002200622963993,+0000.0014107045320885,+0000.9983692331715124
+0000.0002183291130579,+0000.0013995939978432,+0000.9983820768890990
+0000.0002166095800520,+0000.0013885709687885,+0000.9983948194511595
+0000.0002149035898733,+0000.0013776347557446,+0000.9984074616543821
+0000.0002132110358601,+0000.0013667846749593,+0000.9984200042891805
+0000.0002115318121910,+0000.0013560200480656,+0000.9984324481397434
+0000.0002098658138778,+0000.0013453402020393,+0000.9984447939840828
+0000.0002082129367594,+0000.0013347444691569,+0000.9984570425940836
+0000.0002065730774949,+0000.0013242321869537,+0000.9984691947355514
+0000.0002049461335573,+0000.0013138026981825,+0000.9984812511682601
+0000.0002033320032272,+0000.0013034553507726,+0000.9984932126460002
+0000.0002017305855862,+0000.0012931894977888,+0000.9985050799166251
+0000.0002001417805108,+0000.0012830044973911,+0000.9985168537220982
+0000.0001985654886661,+0000.0012728997127946,+0000.9985285347985394
+0000.0001970016114994,+0000.0012628745122296,+0000.9985401238762710
+0000.0001954500512343,+0000.0012529282689022,+0000.9985516216798634
+0000.0001939107108645,+0000.0012430603609551,+0000.9985630289281804
+0000.0001923834941476,+0000.0012332701714284,+0000.9985743463344240
+0000.0001908683055993,+0000.0012235570882216,+0000.9985855746061791
+0000.0001893650504872,+0000.0012139205040548,+0000.9985967144454579
+0000.0001878736348251,+0000.0012043598164311,+0000.9986077665487437
+0000.0001863939653670,+0000.0011948744275989,+0000.9986187316070341
+0000.0001849259496013,+0000.0011854637445141,+0000.9986296103058846
+0000.0001834694957450,+0000.0011761271788035,+0000.9986404033254515
+0000.0001820245127379,+0000.0011668641467280,+0000.9986511113405341
+0000.0001805909102371,+0000.0011576740691457,+0000.9986617350206172
+0000.0001791685986112,+0000.0011485563714762,+0000.9986722750299126
+0000.0001777574889346,+0000.0011395104836641,+0000.9986827320274012
+0000.0001763574929822,+0000.0011305358401441,+0000.9986931066668736
+0000.0001749685232237,+0000.0011216318798048,+0000.9987033995969713
+0000.0001735904928183,+0000.0011127980459544,+0000.9987136114612272
+0000.0001722233156089,+0000.0011040337862853,+0000.9987237428981057
+0000.0001708669061172,+0000.0010953385528399,+0000.9987337945410429
+0000.0001695211795379,+0000.0010867118019762,+0000.9987437670184859
+0000.0001681860517338,+0000.0010781529943339,+0000.9987536609539323
+0000.0001668614392303,+0000.0010696615948006,+0000.9987634769659690
+0000.0001655472592102,+0000.0010612370724785,+0000.9987732156683112
+0000.0001642434295085,+0000.0010528789006509,+0000.9987828776698405
+0000.0001629498686075,+0000.0010445865567496,+0000.9987924635746429
+0000.0001616664956313,+0000.0010363595223219,+0000.9988019739820467
+0000.0001603932303413,+0000.0010281972829986,+0000.9988114094866601
+0000.0001591299931304,+0000.0010200993284614,+0000.9988207706784082
+0000.0001578767050188,+0000.0010120651524114,+0000.9988300581425699
+0000.0001566332876486,+0000.0010040942525370,+0000.9988392724598143
+0000.0001553996632792,+0000.0009961861304831,+0000.9988484142062377
+0000.0001541757547821,+0000.0009883402918193,+0000.9988574839533987
+0000.0001529614856362,+0000.0009805562460092,+0000.9988664822683546
+0000.0001517567799233,+0000.0009728335063801,+0000.9988754097136966
+0000.0001505615623230,+0000.0009651715900920,+0000.9988842668475849
+0000.0001493757581081,+0000.0009575700181080,+0000.9988930542237839
+0000.0001481992931399,+0000.0009500283151637,+0000.9989017723916964
+0000.0001470320938637,+0000.0009425460097379,+0000.9989104218963983
+0000.0001458740873041,+0000.0009351226340233,+0000.9989190032786726
+0000.0001447252010604,+0000.0009277577238967,+0000.9989275170750429
+0000.0001435853633021,+0000.0009204508188904,+0000.9989359638178076
+0000.0001424545027645,+0000.0009132014621632,+0000.9989443440350724
+0000.0001413325487442,+0000.0009060092004720,+0000.9989526582507838
+0000.0001402194310944,+0000.0008988735841435,+0000.9989609069847621
+0000.0001391150802211,+0000.0008917941670457,+0000.9989690907527332
+0000.0001380194270782,+0000.0008847705065604,+0000.9989772100663613
+0000.0001369324031635,+0000.0008778021635556,+0000.9989852654332808
+0000.0001358539405142,+0000.0008708887023576,+0000.9989932573571281
+0000.0001347839717030,+0000.0008640296907241,+0000.9990011863375728
+0000.0001337224298333,+0000.0008572246998170,+0000.9990090528703496
+0000.0001326692485357,+0000.0008504733041759,+0000.9990168574472883
+0000.0001316243619634,+0000.0008437750816909,+0000.9990246005563456
+0000.0001305877047880,+0000.0008371296135771,+0000.9990322826816348
+0000.0001295592121960,+0000.0008305364843474,+0000.9990399043034565
+0000.0001285388198841,+0000.0008239952817873,+0000.9990474658983285
+0000.0001275264640554,+0000.0008175055969288,+0000.9990549679390157
+0000.0001265220814157,+0000.0008110670240248,+0000.9990624108945594
+0000.0001255256091691,+0000.0008046791605240,+0000.9990697952303068
+0000.0001245369850143,+0000.0007983416070453,+0000.9990771214079402
+0000.0001235561471408,+0000.0007920539673533,+0000.9990843898855059
+0000.0001225830342247,+0000.0007858158483331,+0000.9990916011174421
+0000.0001216175854253,+0000.0007796268599662,+0000.9990987555546086
+0000.0001206597403809,+0000.0007734866153054,+0000.9991058536443137
+0000.0001197094392053,+0000.0007673947304515,+0000.9991128958303432
+0000.0001187666224839,+0000.0007613508245286,+0000.9991198825529874
+0000.0001178312312702,+0000.0007553545196606,+0000.9991268142490692
+0000.0001169032070816,+0000.0007494054409475,+0000.9991336913519709
+0000.0001159824918966,+0000.0007435032164419,+0000.9991405142916616
+0000.0001150690281502,+0000.0007376474771259,+0000.9991472834947240
+0000.0001141627587310,+0000.0007318378568879,+0000.9991539993843812
+0000.0001132636269774,+0000.0007260739924997,+0000.9991606623805229
+0000.0001123715766741,+0000.0007203555235940,+0000.9991672728997320
+0000.0001114865520484,+0000.0007146820926415,+0000.9991738313553101
+0000.0001106084977669,+0000.0007090533449290,+0000.9991803381573041
+0000.0001097373589321,+0000.0007034689285367,+0000.9991867937125312
+0000.0001088730810789,+0000.0006979284943167,+0000.9991931984246044
+0000.0001080156101709,+0000.0006924316958708,+0000.9991995526939583
+0000.0001071648925975,+0000.0006869781895290,+0000.9992058569178734
+0000.0001063208751702,+0000.0006815676343282,+0000.9992121114905015
+0000.0001054835051197,+0000.0006761996919904,+0000.9992183168028899
+0000.0001046527300919,+0000.0006708740269020,+0000.9992244732430060
+0000.0001038284981452,+0000.0006655903060927,+0000.9992305811957619
+0000.0001030107577473,+0000.0006603481992145,+0000.9992366410430381
+0000.0001021994577713,+0000.0006551473785212,+0000.9992426531637073
+0000.0001013945474935,+0000.0006499875188479,+0000.9992486179336584
+0000.0001005959765893,+0000.0006448682975908,+0000.9992545357258197
+0000.0000998036951306,+0000.0006397893946866,+0000.9992604069101826
+0000.0000990176535825,+0000.0006347504925931,+0000.9992662318538242
+0000.0000982378028003,+0000.0006297512762688,+0000.9992720109209309
+0000.0000974640940261,+0000.0006247914331535,+0000.9992777444728203
+0000.0000966964788865,+0000.0006198706531486,+0000.9992834328679647
+0000.0000959349093886,+0000.0006149886285981,+0000.9992890764620133
+0000.0000951793379177,+0000.0006101450542686,+0000.9992946756078136
+0000.0000944297172341,+0000.0006053396273311,+0000.9993002306554347
+0000.0000936860004702,+0000.0006005720473413,+0000.9993057419521885
+0000.0000929481411273,+0000.0005958420162214,+0000.9993112098426511
+0000.0000922160930733,+0000.0005911492382413,+0000.9993166346686854
+0000.0000914898105390,+0000.0005864934199996,+0000.9993220167694613
+0000.0000907692481160,+0000.0005818742704062,+0000.9993273564814777
+0000.0000900543607535,+0000.0005772915006633,+0000.9993326541385833
+0000.0000893451037552,+0000.0005727448242476,+0000.9993379100719972
+0000.0000886414327772,+0000.0005682339568927,+0000.9993431246103301
+0000.0000879433038247,+0000.0005637586165707,+0000.9993482980796047
+0000.0000872506732493,+0000.0005593185234753,+0000.9993534308032755
+0000.0000865634977466,+0000.0005549134000035,+0000.9993585231022500
+0000.0000858817343530,+0000.0005505429707389,+0000.9993635752949082
+0000.0000852053404435,+0000.0005462069624344,+0000.9993685876971222
+0000.0000845342737286,+0000.0005419051039946,+0000.9993735606222769
+0000.0000838684922521,+0000.0005376371264594,+0000.9993784943812886
+0000.0000832079543880,+0000.0005334027629871,+0000.9993833892826249
+0000.0000825526188384,+0000.0005292017488374,+0000.9993882456323242
+0000.0000819024446304,+0000.0005250338213552,+0000.9993930637340144
+0000.0000812573911139,+0000.0005208987199540,+0000.9993978438889320
